{"producer":{"name":"Blender","version":"2.78 (sub 0)","exporter_version":"4.6.1","file":"trex_2.babylon"},
"autoClear":true,"clearColor":[0.0509,0.0509,0.0509],"ambientColor":[0,0,0],"gravity":[0,-9.81,0],
"materials":[{"name":"trex_2.Eye","id":"trex_2.Eye","ambient":[0.8,0.8,0.8],"diffuse":[0.64,0.64,0.64],"specular":[1,1,1],"emissive":[0,0,0],"specularPower":511,"alpha":1,"backFaceCulling":true,"checkReadyOnlyOnce":false, 
"diffuseTexture":{"name":"Eye.png","level":1,"hasAlpha":1,"coordinatesMode":0,"uOffset":0,"vOffset":0,"uScale":1,"vScale":1,"uAng":0,"vAng":0,"wAng":0,"wrapU":1,"wrapV":1,"coordinatesIndex":0}},
{"name":"trex_2.LowerTeeth","id":"trex_2.LowerTeeth","ambient":[0.8,0.8,0.8],"diffuse":[0.64,0.64,0.64],"specular":[1,1,1],"emissive":[0,0,0],"specularPower":509,"alpha":1,"backFaceCulling":true,"checkReadyOnlyOnce":false, 
"diffuseTexture":{"name":"LowerTeeth.png","level":1,"hasAlpha":1,"coordinatesMode":0,"uOffset":0,"vOffset":0,"uScale":1,"vScale":1,"uAng":0,"vAng":0,"wAng":0,"wrapU":1,"wrapV":1,"coordinatesIndex":0}},
{"name":"trex_2.UpperTeeth","id":"trex_2.UpperTeeth","ambient":[0.8,0.8,0.8],"diffuse":[0.64,0.64,0.64],"specular":[1,1,1],"emissive":[0,0,0],"specularPower":509,"alpha":1,"backFaceCulling":true,"checkReadyOnlyOnce":false, 
"diffuseTexture":{"name":"TeethAndGums.png","level":1,"hasAlpha":1,"coordinatesMode":0,"uOffset":0,"vOffset":0,"uScale":1,"vScale":1,"uAng":0,"vAng":0,"wAng":0,"wrapU":1,"wrapV":1,"coordinatesIndex":0}},
{"name":"trex_2.T-RexSkin","id":"trex_2.T-RexSkin","ambient":[0.8,0.8,0.8],"diffuse":[0.64,0.64,0.64],"specular":[0.2183,0.2183,0.2183],"emissive":[0,0,0],"specularPower":21,"alpha":1,"backFaceCulling":true,"checkReadyOnlyOnce":false, 
"diffuseTexture":{"name":"Skin_4800_DarkRed.jpg","level":1,"hasAlpha":1,"coordinatesMode":0,"uOffset":0,"vOffset":0,"uScale":1,"vScale":1,"uAng":0,"vAng":0,"wAng":0,"wrapU":1,"wrapV":1,"coordinatesIndex":0}, 
"specularTexture":{"name":"Skin_4800_Specular.jpg","level":1,"hasAlpha":1,"coordinatesMode":0,"uOffset":0,"vOffset":0,"uScale":1,"vScale":1,"uAng":0,"vAng":0,"wAng":0,"wrapU":1,"wrapV":1,"coordinatesIndex":0}, 
"bumpTexture":{"name":"Skin_4800_Bump.png","level":1.4819,"hasAlpha":1,"coordinatesMode":0,"uOffset":0,"vOffset":0,"uScale":1,"vScale":1,"uAng":0,"vAng":0,"wAng":0,"wrapU":1,"wrapV":1,"coordinatesIndex":0}}],
"multiMaterials":[{"name":"trex_2.Multimaterial#0","id":"trex_2.Multimaterial#0","materials":["trex_2.Eye","trex_2.LowerTeeth","trex_2.UpperTeeth","trex_2.T-RexSkin"]}],
"skeletons":[{"name":"Armature","id":0,"dimensionsAtRest":[6.6442,13.0768,33.1918],"bones":[
{"name":"FootControl.L","index":0,"matrix":[-0.9952,0.0171,-0.0961,0,0.0174,0.9998,-0.003,0,-0.0961,0.0047,0.9954,0,2.0489,-0.7562,0.7355,1],"rest":[-0.9952,0.0171,-0.0961,0,0.0174,0.9998,-0.003,0,-0.0961,0.0047,0.9954,0,2.0504,-0.8566,6.2451,1],"parentBoneIndex":-1,"length":2.2275
,"animation":{"dataType":3,"framePerSecond":24,"keys":[
{"frame":1,"values":[-0.9952,0.0171,-0.0961,0,0.0174,0.9998,-0.003,0,-0.0961,0.0047,0.9954,0,2.0504,-0.7543,0.6653,1]},
{"frame":2,"values":[-0.9952,0.0171,-0.0961,0,0.0174,0.9998,-0.003,0,-0.0961,0.0047,0.9954,0,2.0489,-0.7562,0.7355,1]},
{"frame":3,"values":[-0.9952,0.0171,-0.0961,0,0.0174,0.9998,-0.003,0,-0.0961,0.0047,0.9954,0,2.0451,-0.7621,0.9414,1]},
{"frame":4,"values":[-0.9952,0.0171,-0.0961,0,0.0174,0.9998,-0.003,0,-0.0961,0.0047,0.9954,0,2.0408,-0.7723,1.2715,1]},
{"frame":5,"values":[-0.9952,0.0171,-0.0961,0,0.0174,0.9998,-0.003,0,-0.0961,0.0047,0.9954,0,2.037,-0.7868,1.7094,1]},
{"frame":6,"values":[-0.9952,0.0171,-0.0961,0,0.0174,0.9998,-0.003,0,-0.0961,0.0047,0.9954,0,2.0346,-0.805,2.2333,1]},
{"frame":7,"values":[-0.9952,0.0171,-0.0961,0,0.0174,0.9998,-0.003,0,-0.0961,0.0047,0.9954,0,2.0334,-0.8259,2.8177,1]},
{"frame":8,"values":[-0.9952,0.0171,-0.0961,0,0.0174,0.9998,-0.003,0,-0.0961,0.0047,0.9954,0,2.0329,-0.8483,3.4346,1]},
{"frame":9,"values":[-0.9952,0.0171,-0.0961,0,0.0174,0.9998,-0.003,0,-0.0961,0.0047,0.9954,0,2.0323,-0.8708,4.0556,1]},
{"frame":10,"values":[-0.9952,0.0171,-0.0961,0,0.0174,0.9998,-0.003,0,-0.0961,0.0047,0.9954,0,2.0313,-0.8924,4.6543,1]},
{"frame":11,"values":[-0.9952,0.0171,-0.0961,0,0.0174,0.9998,-0.003,0,-0.0961,0.0047,0.9954,0,2.0301,-0.9122,5.2073,1]},
{"frame":12,"values":[-0.9952,0.0171,-0.0961,0,0.0174,0.9998,-0.003,0,-0.0961,0.0047,0.9954,0,2.0295,-0.9298,5.6956,1]},
{"frame":13,"values":[-0.9952,0.0171,-0.0961,0,0.0174,0.9998,-0.003,0,-0.0961,0.0047,0.9954,0,2.0293,-0.9476,6.1818,1]},
{"frame":14,"values":[-0.9952,0.0171,-0.0961,0,0.0174,0.9998,-0.003,0,-0.0961,0.0047,0.9954,0,2.0291,-0.9677,6.7315,1]},
{"frame":15,"values":[-0.9952,0.0171,-0.0961,0,0.0174,0.9998,-0.003,0,-0.0961,0.0047,0.9954,0,2.0297,-0.9898,7.3288,1]},
{"frame":16,"values":[-0.9952,0.0171,-0.0961,0,0.0174,0.9998,-0.003,0,-0.0961,0.0047,0.9954,0,2.0314,-1.0134,7.9521,1]},
{"frame":17,"values":[-0.9952,0.0171,-0.0961,0,0.0174,0.9998,-0.003,0,-0.0961,0.0047,0.9954,0,2.0343,-1.0376,8.5755,1]},
{"frame":18,"values":[-0.9952,0.0171,-0.0961,0,0.0174,0.9998,-0.003,0,-0.0961,0.0047,0.9954,0,2.0381,-1.0611,9.1712,1]},
{"frame":19,"values":[-0.9952,0.0171,-0.0961,0,0.0174,0.9998,-0.003,0,-0.0961,0.0047,0.9954,0,2.042,-1.0827,9.7123,1]},
{"frame":20,"values":[-0.9952,0.0171,-0.0961,0,0.0174,0.9998,-0.003,0,-0.0961,0.0047,0.9954,0,2.0456,-1.1012,10.1763,1]},
{"frame":21,"values":[-0.9952,0.0171,-0.0961,0,0.0174,0.9998,-0.003,0,-0.0961,0.0047,0.9954,0,2.0481,-1.1159,10.5468,1]},
{"frame":22,"values":[-0.9952,0.0171,-0.0961,0,0.0174,0.9998,-0.003,0,-0.0961,0.0047,0.9954,0,2.0497,-1.1264,10.8137,1]},
{"frame":23,"values":[-0.9952,0.0171,-0.0961,0,0.0174,0.9998,-0.003,0,-0.0961,0.0047,0.9954,0,2.0503,-1.1325,10.9731,1]},
{"frame":24,"values":[-0.9952,0.0171,-0.0961,0,0.0174,0.9998,-0.003,0,-0.0961,0.0047,0.9954,0,2.0504,-1.1345,11.0256,1]},
{"frame":25,"values":[-0.9952,0.0171,-0.0961,0,0.0174,0.9998,-0.003,0,-0.0961,0.0047,0.9954,0,2.051,-1.1194,10.9825,1]},
{"frame":26,"values":[-0.9952,0.0171,-0.0961,0,0.0174,0.9998,-0.003,0,-0.0961,0.0047,0.9954,0,2.0524,-1.0738,10.8507,1]},
{"frame":27,"values":[-0.9952,0.0171,-0.0961,0,0.0174,0.9998,-0.003,0,-0.0961,0.0047,0.9954,0,2.0543,-0.9986,10.6289,1]},
{"frame":28,"values":[-0.9952,0.0171,-0.0961,0,0.0174,0.9998,-0.003,0,-0.0961,0.0047,0.9954,0,2.0564,-0.8972,10.319,1]},
{"frame":29,"values":[-0.9952,0.0171,-0.0961,0,0.0174,0.9998,-0.003,0,-0.0961,0.0047,0.9954,0,2.0585,-0.7758,9.928,1]},
{"frame":30,"values":[-0.9952,0.0171,-0.0961,0,0.0174,0.9998,-0.003,0,-0.0961,0.0047,0.9954,0,2.0606,-0.6437,9.4685,1]},
{"frame":31,"values":[-0.9952,0.0171,-0.0961,0,0.0174,0.9998,-0.003,0,-0.0961,0.0047,0.9954,0,2.0628,-0.5117,8.958,1]},
{"frame":32,"values":[-0.9952,0.0171,-0.0961,0,0.0174,0.9998,-0.003,0,-0.0961,0.0047,0.9954,0,2.0651,-0.3908,8.4179,1]},
{"frame":33,"values":[-0.9952,0.0171,-0.0961,0,0.0174,0.9998,-0.003,0,-0.0961,0.0047,0.9954,0,2.0674,-0.2901,7.8706,1]},
{"frame":34,"values":[-0.9952,0.0171,-0.0961,0,0.0174,0.9998,-0.003,0,-0.0961,0.0047,0.9954,0,2.0695,-0.2159,7.3374,1]},
{"frame":35,"values":[-0.9952,0.0171,-0.0961,0,0.0174,0.9998,-0.003,0,-0.0961,0.0047,0.9954,0,2.071,-0.1715,6.8357,1]},
{"frame":36,"values":[-0.9952,0.0171,-0.0961,0,0.0174,0.9998,-0.003,0,-0.0961,0.0047,0.9954,0,2.0714,-0.1576,6.3785,1]},
{"frame":37,"values":[-0.9952,0.0171,-0.0961,0,0.0174,0.9998,-0.003,0,-0.0961,0.0047,0.9954,0,2.071,-0.1679,5.9064,1]},
{"frame":38,"values":[-0.9952,0.0171,-0.0961,0,0.0174,0.9998,-0.003,0,-0.0961,0.0047,0.9954,0,2.0698,-0.1965,5.362,1]},
{"frame":39,"values":[-0.9952,0.0171,-0.0961,0,0.0174,0.9998,-0.003,0,-0.0961,0.0047,0.9954,0,2.0674,-0.2426,4.7616,1]},
{"frame":40,"values":[-0.9952,0.0171,-0.0961,0,0.0174,0.9998,-0.003,0,-0.0961,0.0047,0.9954,0,2.0634,-0.3043,4.1253,1]},
{"frame":41,"values":[-0.9952,0.0171,-0.0961,0,0.0174,0.9998,-0.003,0,-0.0961,0.0047,0.9954,0,2.0582,-0.3778,3.4765,1]},
{"frame":42,"values":[-0.9952,0.0171,-0.0961,0,0.0174,0.9998,-0.003,0,-0.0961,0.0047,0.9954,0,2.053,-0.4577,2.841,1]},
{"frame":43,"values":[-0.9952,0.0171,-0.0961,0,0.0174,0.9998,-0.003,0,-0.0961,0.0047,0.9954,0,2.0488,-0.5376,2.2452,1]},
{"frame":44,"values":[-0.9952,0.0171,-0.0961,0,0.0174,0.9998,-0.003,0,-0.0961,0.0047,0.9954,0,2.0464,-0.6108,1.7151,1]},
{"frame":45,"values":[-0.9952,0.0171,-0.0961,0,0.0174,0.9998,-0.003,0,-0.0961,0.0047,0.9954,0,2.0462,-0.6721,1.2742,1]},
{"frame":46,"values":[-0.9952,0.0171,-0.0961,0,0.0174,0.9998,-0.003,0,-0.0961,0.0047,0.9954,0,2.0476,-0.7175,0.9426,1]},
{"frame":47,"values":[-0.9952,0.0171,-0.0961,0,0.0174,0.9998,-0.003,0,-0.0961,0.0047,0.9954,0,2.0495,-0.7451,0.7359,1]},
{"frame":48,"values":[-0.9952,0.0171,-0.0961,0,0.0174,0.9998,-0.003,0,-0.0961,0.0047,0.9954,0,2.0504,-0.7543,0.6653,1]}],"loopBehavior":1,"name":"anim","property":"_matrix"}},
{"name":"Toe.Tip.L","index":1,"matrix":[0.9999,0.0103,0.0001,0,-0.0103,0.9998,-0.019,0,-0.0003,0.019,0.9998,0,0.3843,-1.4825,-4.2493,1],"rest":[0.9999,0.0105,0.0002,0,-0.0105,0.9998,-0.0175,0,-0.0003,0.0175,0.9998,0,0.3843,-1.4825,-4.2493,1],"parentBoneIndex":0,"length":1.3149
,"animation":{"dataType":3,"framePerSecond":24,"keys":[
{"frame":1,"values":[0.9999,0.0105,0.0002,0,-0.0105,0.9998,-0.0175,0,-0.0003,0.0175,0.9998,0,0.3843,-1.4825,-4.2493,1]},
{"frame":2,"values":[0.9999,0.0103,0.0001,0,-0.0103,0.9998,-0.019,0,-0.0003,0.019,0.9998,0,0.3843,-1.4825,-4.2493,1]},
{"frame":3,"values":[1,0.0099,0,0,-0.0099,0.9997,-0.0237,0,-0.0002,0.0237,0.9997,0,0.3843,-1.4825,-4.2493,1]},
{"frame":4,"values":[1,0.0091,-0.0002,0,-0.0091,0.9995,-0.0317,0,-0.0001,0.0317,0.9995,0,0.3843,-1.4825,-4.2493,1]},
{"frame":5,"values":[1,0.008,-0.0005,0,-0.008,0.999,-0.043,0,0.0002,0.043,0.9991,0,0.3843,-1.4825,-4.2493,1]},
{"frame":6,"values":[1,0.0066,-0.0009,0,-0.0067,0.9983,-0.0571,0,0.0005,0.0571,0.9984,0,0.3843,-1.4825,-4.2493,1]},
{"frame":7,"values":[1,0.005,-0.0012,0,-0.0051,0.9973,-0.0733,0,0.0009,0.0733,0.9973,0,0.3843,-1.4825,-4.2493,1]},
{"frame":8,"values":[1,0.0034,-0.0016,0,-0.0035,0.9959,-0.0905,0,0.0013,0.0905,0.9959,0,0.3843,-1.4825,-4.2493,1]},
{"frame":9,"values":[1,0.0016,-0.002,0,-0.0018,0.9942,-0.1079,0,0.0018,0.1079,0.9942,0,0.3843,-1.4825,-4.2493,1]},
{"frame":10,"values":[1,0,-0.0023,0,-0.0003,0.9922,-0.1245,0,0.0023,0.1245,0.9922,0,0.3843,-1.4825,-4.2493,1]},
{"frame":11,"values":[1,-0.0015,-0.0025,0,0.0012,0.9902,-0.1397,0,0.0027,0.1397,0.9902,0,0.3843,-1.4825,-4.2493,1]},
{"frame":12,"values":[1,-0.0029,-0.0027,0,0.0024,0.9882,-0.1532,0,0.0032,0.1532,0.9882,0,0.3843,-1.4825,-4.2493,1]},
{"frame":13,"values":[1,-0.0041,-0.0029,0,0.0036,0.9862,-0.1653,0,0.0036,0.1653,0.9862,0,0.3843,-1.4825,-4.2493,1]},
{"frame":14,"values":[1,-0.0052,-0.0031,0,0.0046,0.9844,-0.1762,0,0.0039,0.1761,0.9844,0,0.3843,-1.4825,-4.2493,1]},
{"frame":15,"values":[1,-0.0062,-0.0032,0,0.0055,0.9825,-0.1861,0,0.0043,0.1861,0.9825,0,0.3843,-1.4825,-4.2493,1]},
{"frame":16,"values":[1,-0.0072,-0.0033,0,0.0064,0.9807,-0.1954,0,0.0046,0.1954,0.9807,0,0.3843,-1.4825,-4.2493,1]},
{"frame":17,"values":[1,-0.0081,-0.0034,0,0.0072,0.9788,-0.2046,0,0.005,0.2046,0.9788,0,0.3843,-1.4825,-4.2493,1]},
{"frame":18,"values":[1,-0.0091,-0.0035,0,0.0081,0.9767,-0.2143,0,0.0053,0.2142,0.9768,0,0.3843,-1.4825,-4.2493,1]},
{"frame":19,"values":[0.9999,-0.0102,-0.0035,0,0.0091,0.9743,-0.225,0,0.0057,0.2249,0.9744,0,0.3843,-1.4825,-4.2493,1]},
{"frame":20,"values":[0.9999,-0.0114,-0.0036,0,0.0102,0.9714,-0.2372,0,0.0062,0.2372,0.9715,0,0.3843,-1.4825,-4.2493,1]},
{"frame":21,"values":[0.9999,-0.0129,-0.0037,0,0.0116,0.9678,-0.2514,0,0.0068,0.2513,0.9679,0,0.3843,-1.4825,-4.2493,1]},
{"frame":22,"values":[0.9999,-0.0146,-0.0038,0,0.013,0.9634,-0.2676,0,0.0075,0.2676,0.9635,0,0.3843,-1.4825,-4.2493,1]},
{"frame":23,"values":[0.9999,-0.0165,-0.0038,0,0.0147,0.9581,-0.286,0,0.0084,0.2859,0.9582,0,0.3843,-1.4825,-4.2493,1]},
{"frame":24,"values":[0.9998,-0.0186,-0.0038,0,0.0166,0.9518,-0.3062,0,0.0093,0.3061,0.952,0,0.3843,-1.4825,-4.2493,1]},
{"frame":25,"values":[0.9998,-0.0212,-0.0037,0,0.0188,0.9436,-0.3304,0,0.0105,0.3303,0.9438,0,0.3843,-1.4825,-4.2493,1]},
{"frame":26,"values":[0.9997,-0.0244,-0.0036,0,0.0215,0.9325,-0.3606,0,0.0121,0.3604,0.9327,0,0.3843,-1.4825,-4.2493,1]},
{"frame":27,"values":[0.9996,-0.0282,-0.0032,0,0.0246,0.9179,-0.3959,0,0.0141,0.3957,0.9183,0,0.3843,-1.4825,-4.2493,1]},
{"frame":28,"values":[0.9995,-0.0325,-0.0027,0,0.0281,0.8999,-0.4351,0,0.0166,0.4348,0.9004,0,0.3843,-1.4825,-4.2493,1]},
{"frame":29,"values":[0.9993,-0.0371,-0.0019,0,0.0317,0.8788,-0.4761,0,0.0193,0.4757,0.8794,0,0.3843,-1.4825,-4.2493,1]},
{"frame":30,"values":[0.9991,-0.0416,-0.0009,0,0.0352,0.8557,-0.5164,0,0.0222,0.5159,0.8564,0,0.3843,-1.4825,-4.2493,1]},
{"frame":31,"values":[0.9989,-0.0458,0.0003,0,0.0383,0.832,-0.5534,0,0.0251,0.5528,0.8329,0,0.3843,-1.4825,-4.2493,1]},
{"frame":32,"values":[0.9988,-0.0495,0.0014,0,0.041,0.8099,-0.5851,0,0.0278,0.5844,0.811,0,0.3843,-1.4825,-4.2493,1]},
{"frame":33,"values":[0.9986,-0.0525,0.0025,0,0.0431,0.7912,-0.6101,0,0.03,0.6093,0.7924,0,0.3843,-1.4825,-4.2493,1]},
{"frame":34,"values":[0.9985,-0.0546,0.0033,0,0.0445,0.7772,-0.6277,0,0.0317,0.6269,0.7784,0,0.3843,-1.4825,-4.2493,1]},
{"frame":35,"values":[0.9984,-0.0558,0.0038,0,0.0454,0.7686,-0.6381,0,0.0327,0.6372,0.77,0,0.3843,-1.4825,-4.2493,1]},
{"frame":36,"values":[0.9984,-0.0562,0.004,0,0.0457,0.7658,-0.6414,0,0.033,0.6406,0.7672,0,0.3843,-1.4825,-4.2493,1]},
{"frame":37,"values":[0.9985,-0.0553,0.0036,0,0.045,0.7724,-0.6335,0,0.0323,0.6327,0.7737,0,0.3843,-1.4825,-4.2493,1]},
{"frame":38,"values":[0.9986,-0.0524,0.0024,0,0.043,0.7918,-0.6092,0,0.03,0.6085,0.793,0,0.3843,-1.4825,-4.2493,1]},
{"frame":39,"values":[0.9989,-0.0475,0.0008,0,0.0395,0.8223,-0.5677,0,0.0263,0.5671,0.8233,0,0.3843,-1.4825,-4.2493,1]},
{"frame":40,"values":[0.9992,-0.0407,-0.0011,0,0.0345,0.8602,-0.5087,0,0.0217,0.5083,0.8609,0,0.3843,-1.4825,-4.2493,1]},
{"frame":41,"values":[0.9995,-0.0324,-0.0027,0,0.028,0.9003,-0.4344,0,0.0165,0.4341,0.9007,0,0.3843,-1.4825,-4.2493,1]},
{"frame":42,"values":[0.9997,-0.0232,-0.0037,0,0.0205,0.9367,-0.3495,0,0.0115,0.3493,0.9369,0,0.3843,-1.4825,-4.2493,1]},
{"frame":43,"values":[0.9999,-0.014,-0.0037,0,0.0125,0.9651,-0.2616,0,0.0073,0.2615,0.9652,0,0.3843,-1.4825,-4.2493,1]},
{"frame":44,"values":[1,-0.0055,-0.0031,0,0.0049,0.9838,-0.1793,0,0.004,0.1793,0.9838,0,0.3843,-1.4825,-4.2493,1]},
{"frame":45,"values":[1,0.0014,-0.002,0,-0.0016,0.9939,-0.11,0,0.0018,0.11,0.9939,0,0.3843,-1.4825,-4.2493,1]},
{"frame":46,"values":[1,0.0065,-0.0009,0,-0.0065,0.9983,-0.0587,0,0.0005,0.0587,0.9983,0,0.3843,-1.4825,-4.2493,1]},
{"frame":47,"values":[1,0.0095,-0.0001,0,-0.0095,0.9996,-0.0277,0,-0.0001,0.0277,0.9996,0,0.3843,-1.4825,-4.2493,1]},
{"frame":48,"values":[0.9999,0.0105,0.0002,0,-0.0105,0.9998,-0.0175,0,-0.0003,0.0175,0.9998,0,0.3843,-1.4825,-4.2493,1]}],"loopBehavior":1,"name":"anim","property":"_matrix"}},
{"name":"Heel.L","index":2,"matrix":[0.9998,0.019,0.0002,0,-0.019,0.9996,0.0203,0,0.0002,-0.0203,0.9998,0,-0.3691,1.4065,4.2838,1],"rest":[0.9998,0.019,0.0002,0,-0.019,0.9996,0.0203,0,0.0002,-0.0203,0.9998,0,-0.3691,1.4065,4.2838,1],"parentBoneIndex":1,"length":0.8347
,"animation":{"dataType":3,"framePerSecond":24,"keys":[
{"frame":1,"values":[0.9998,0.019,0.0002,0,-0.019,0.9996,0.0203,0,0.0002,-0.0203,0.9998,0,-0.3691,1.4065,4.2838,1]},
{"frame":48,"values":[0.9998,0.019,0.0002,0,-0.019,0.9996,0.0203,0,0.0002,-0.0203,0.9998,0,-0.3691,1.4065,4.2838,1]}],"loopBehavior":1,"name":"anim","property":"_matrix"}},
{"name":"Tarsal.Target.L","index":3,"matrix":[0.9918,-0.1036,0.0744,0,-0.0722,-0.9369,-0.3422,0,0.1052,0.334,-0.9367,0,0.4313,-0.5846,-2.1112,1],"rest":[0.9918,-0.1036,0.0744,0,-0.0722,-0.9369,-0.3422,0,0.1052,0.334,-0.9367,0,0.4313,-0.5846,-2.1112,1],"parentBoneIndex":2,"length":2.8515
,"animation":{"dataType":3,"framePerSecond":24,"keys":[
{"frame":1,"values":[0.9918,-0.1036,0.0744,0,-0.0722,-0.9369,-0.3422,0,0.1052,0.334,-0.9367,0,0.4313,-0.5846,-2.1112,1]},
{"frame":25,"values":[0.9918,-0.1037,0.0746,0,-0.0726,-0.938,-0.339,0,0.1052,0.3308,-0.9378,0,0.4313,-0.5846,-2.1112,1]},
{"frame":26,"values":[0.9917,-0.1039,0.0752,0,-0.0737,-0.9414,-0.3292,0,0.105,0.321,-0.9412,0,0.4313,-0.5846,-2.1112,1]},
{"frame":27,"values":[0.9916,-0.1043,0.0762,0,-0.0755,-0.9467,-0.3131,0,0.1048,0.3048,-0.9466,0,0.4313,-0.5846,-2.1112,1]},
{"frame":28,"values":[0.9915,-0.1047,0.0775,0,-0.0779,-0.9535,-0.2912,0,0.1044,0.2827,-0.9535,0,0.4313,-0.5846,-2.1112,1]},
{"frame":29,"values":[0.9913,-0.1052,0.0792,0,-0.0808,-0.9609,-0.2648,0,0.1039,0.2561,-0.9611,0,0.4313,-0.5846,-2.1112,1]},
{"frame":30,"values":[0.9911,-0.1057,0.0809,0,-0.084,-0.9682,-0.2357,0,0.1033,0.2268,-0.9684,0,0.4313,-0.5846,-2.1112,1]},
{"frame":31,"values":[0.9909,-0.1061,0.0827,0,-0.0871,-0.9746,-0.2065,0,0.1025,0.1974,-0.975,0,0.4313,-0.5846,-2.1112,1]},
{"frame":32,"values":[0.9907,-0.1064,0.0844,0,-0.09,-0.9796,-0.1795,0,0.1017,0.1702,-0.9801,0,0.4313,-0.5846,-2.1112,1]},
{"frame":33,"values":[0.9906,-0.1067,0.0857,0,-0.0923,-0.9833,-0.1568,0,0.101,0.1474,-0.9839,0,0.4313,-0.5846,-2.1112,1]},
{"frame":34,"values":[0.9905,-0.1068,0.0868,0,-0.0941,-0.9857,-0.14,0,0.1005,0.1305,-0.9863,0,0.4313,-0.5846,-2.1112,1]},
{"frame":35,"values":[0.9904,-0.1069,0.0874,0,-0.0951,-0.987,-0.1298,0,0.1001,0.1202,-0.9877,0,0.4313,-0.5846,-2.1112,1]},
{"frame":36,"values":[0.9904,-0.107,0.0876,0,-0.0955,-0.9874,-0.1264,0,0.1,0.1168,-0.9881,0,0.4313,-0.5846,-2.1112,1]},
{"frame":37,"values":[0.9904,-0.1069,0.0874,0,-0.0951,-0.987,-0.1298,0,0.1001,0.1202,-0.9877,0,0.4313,-0.5846,-2.1112,1]},
{"frame":38,"values":[0.9905,-0.1068,0.0868,0,-0.0941,-0.9857,-0.14,0,0.1005,0.1305,-0.9863,0,0.4313,-0.5846,-2.1112,1]},
{"frame":39,"values":[0.9906,-0.1067,0.0857,0,-0.0923,-0.9833,-0.1568,0,0.101,0.1474,-0.9839,0,0.4313,-0.5846,-2.1112,1]},
{"frame":40,"values":[0.9907,-0.1064,0.0844,0,-0.09,-0.9796,-0.1795,0,0.1017,0.1702,-0.9801,0,0.4313,-0.5846,-2.1112,1]},
{"frame":41,"values":[0.9909,-0.1061,0.0827,0,-0.0871,-0.9746,-0.2065,0,0.1025,0.1974,-0.975,0,0.4313,-0.5846,-2.1112,1]},
{"frame":42,"values":[0.9911,-0.1057,0.0809,0,-0.084,-0.9682,-0.2357,0,0.1033,0.2268,-0.9684,0,0.4313,-0.5846,-2.1112,1]},
{"frame":43,"values":[0.9913,-0.1052,0.0792,0,-0.0808,-0.9609,-0.2648,0,0.1039,0.2561,-0.9611,0,0.4313,-0.5846,-2.1112,1]},
{"frame":44,"values":[0.9915,-0.1047,0.0775,0,-0.0779,-0.9535,-0.2912,0,0.1044,0.2827,-0.9535,0,0.4313,-0.5846,-2.1112,1]},
{"frame":45,"values":[0.9916,-0.1043,0.0762,0,-0.0755,-0.9467,-0.3131,0,0.1048,0.3048,-0.9466,0,0.4313,-0.5846,-2.1112,1]},
{"frame":46,"values":[0.9917,-0.1039,0.0752,0,-0.0737,-0.9414,-0.3292,0,0.105,0.321,-0.9412,0,0.4313,-0.5846,-2.1112,1]},
{"frame":47,"values":[0.9918,-0.1037,0.0746,0,-0.0726,-0.938,-0.339,0,0.1052,0.3308,-0.9378,0,0.4313,-0.5846,-2.1112,1]},
{"frame":48,"values":[0.9918,-0.1036,0.0744,0,-0.0722,-0.9369,-0.3422,0,0.1052,0.334,-0.9367,0,0.4313,-0.5846,-2.1112,1]}],"loopBehavior":1,"name":"anim","property":"_matrix"}},
{"name":"Leg.Target.L","index":4,"matrix":[0.998,-0.0626,-0.0024,0,0.0362,0.6074,-0.7936,0,0.0511,0.7919,0.6085,0,-0.109,-1.7916,-0.1127,1],"rest":[0.998,-0.0626,-0.0024,0,0.0362,0.6074,-0.7936,0,0.0511,0.7919,0.6085,0,-0.109,-1.7916,-0.1127,1],"parentBoneIndex":3,"length":4.7728
,"animation":{"dataType":3,"framePerSecond":24,"keys":[
{"frame":1,"values":[0.998,-0.0626,-0.0024,0,0.0362,0.6074,-0.7936,0,0.0511,0.7919,0.6085,0,-0.109,-1.7916,-0.1127,1]},
{"frame":48,"values":[0.998,-0.0626,-0.0024,0,0.0362,0.6074,-0.7936,0,0.0511,0.7919,0.6085,0,-0.109,-1.7916,-0.1127,1]}],"loopBehavior":1,"name":"anim","property":"_matrix"}},
{"name":"Toe.Rotate.L","index":5,"matrix":[0.9957,-0.0751,0.0548,0,0.0837,0.4679,-0.8798,0,0.0404,0.8806,0.4721,0,0.1892,-0.5223,-2.2085,1],"rest":[0.9957,-0.0751,0.0548,0,0.0837,0.467,-0.8803,0,0.0405,0.881,0.4713,0,0.1892,-0.5223,-2.2085,1],"parentBoneIndex":2,"length":1.6748
,"animation":{"dataType":3,"framePerSecond":24,"keys":[
{"frame":1,"values":[0.9957,-0.0751,0.0548,0,0.0837,0.467,-0.8803,0,0.0405,0.881,0.4713,0,0.1892,-0.5223,-2.2085,1]},
{"frame":2,"values":[0.9957,-0.0751,0.0548,0,0.0837,0.4679,-0.8798,0,0.0404,0.8806,0.4721,0,0.1892,-0.5223,-2.2085,1]},
{"frame":3,"values":[0.9957,-0.075,0.0547,0,0.0837,0.4705,-0.8785,0,0.0401,0.8792,0.4747,0,0.1892,-0.5223,-2.2085,1]},
{"frame":4,"values":[0.9957,-0.0748,0.0546,0,0.0836,0.4748,-0.8761,0,0.0396,0.8769,0.479,0,0.1892,-0.5223,-2.2085,1]},
{"frame":5,"values":[0.9957,-0.0745,0.0544,0,0.0836,0.481,-0.8727,0,0.0388,0.8736,0.4851,0,0.1892,-0.5223,-2.2085,1]},
{"frame":6,"values":[0.9958,-0.0741,0.0541,0,0.0836,0.4886,-0.8685,0,0.0379,0.8694,0.4927,0,0.1892,-0.5223,-2.2085,1]},
{"frame":7,"values":[0.9958,-0.0737,0.0538,0,0.0835,0.4973,-0.8636,0,0.0368,0.8644,0.5014,0,0.1892,-0.5223,-2.2085,1]},
{"frame":8,"values":[0.9959,-0.0732,0.0536,0,0.0834,0.5065,-0.8582,0,0.0357,0.8591,0.5106,0,0.1892,-0.5223,-2.2085,1]},
{"frame":9,"values":[0.9959,-0.0728,0.0533,0,0.0833,0.5158,-0.8527,0,0.0346,0.8536,0.5198,0,0.1892,-0.5223,-2.2085,1]},
{"frame":10,"values":[0.996,-0.0723,0.053,0,0.0832,0.5246,-0.8473,0,0.0335,0.8483,0.5285,0,0.1892,-0.5223,-2.2085,1]},
{"frame":11,"values":[0.996,-0.0719,0.0528,0,0.0831,0.5326,-0.8423,0,0.0325,0.8433,0.5365,0,0.1892,-0.5223,-2.2085,1]},
{"frame":12,"values":[0.9961,-0.0715,0.0526,0,0.083,0.5398,-0.8377,0,0.0316,0.8388,0.5436,0,0.1892,-0.5223,-2.2085,1]},
{"frame":13,"values":[0.9961,-0.0712,0.0524,0,0.0829,0.5469,-0.8331,0,0.0307,0.8342,0.5506,0,0.1892,-0.5223,-2.2085,1]},
{"frame":14,"values":[0.9961,-0.0707,0.0521,0,0.0827,0.5549,-0.8278,0,0.0296,0.8289,0.5586,0,0.1892,-0.5223,-2.2085,1]},
{"frame":15,"values":[0.9962,-0.0703,0.0519,0,0.0826,0.5636,-0.8219,0,0.0285,0.823,0.5673,0,0.1892,-0.5223,-2.2085,1]},
{"frame":16,"values":[0.9962,-0.0698,0.0516,0,0.0824,0.5729,-0.8155,0,0.0273,0.8167,0.5765,0,0.1892,-0.5223,-2.2085,1]},
{"frame":17,"values":[0.9963,-0.0693,0.0513,0,0.0822,0.5822,-0.8089,0,0.0261,0.8101,0.5857,0,0.1892,-0.5223,-2.2085,1]},
{"frame":18,"values":[0.9963,-0.0688,0.0511,0,0.082,0.5912,-0.8023,0,0.025,0.8036,0.5947,0,0.1892,-0.5223,-2.2085,1]},
{"frame":19,"values":[0.9964,-0.0683,0.0509,0,0.0818,0.5994,-0.7963,0,0.0239,0.7975,0.6028,0,0.1892,-0.5223,-2.2085,1]},
{"frame":20,"values":[0.9964,-0.0679,0.0507,0,0.0816,0.6064,-0.791,0,0.023,0.7922,0.6098,0,0.1892,-0.5223,-2.2085,1]},
{"frame":21,"values":[0.9964,-0.0676,0.0505,0,0.0814,0.6119,-0.7867,0,0.0223,0.788,0.6152,0,0.1892,-0.5223,-2.2085,1]},
{"frame":22,"values":[0.9965,-0.0674,0.0504,0,0.0813,0.6158,-0.7837,0,0.0217,0.785,0.6191,0,0.1892,-0.5223,-2.2085,1]},
{"frame":23,"values":[0.9965,-0.0672,0.0504,0,0.0812,0.6181,-0.7819,0,0.0214,0.7832,0.6214,0,0.1892,-0.5223,-2.2085,1]},
{"frame":24,"values":[0.9965,-0.0672,0.0504,0,0.0812,0.6189,-0.7813,0,0.0213,0.7826,0.6221,0,0.1892,-0.5223,-2.2085,1]},
{"frame":25,"values":[0.9965,-0.0674,0.0504,0,0.0813,0.6154,-0.784,0,0.0218,0.7853,0.6187,0,0.1892,-0.5223,-2.2085,1]},
{"frame":26,"values":[0.9964,-0.0682,0.0508,0,0.0817,0.6009,-0.7951,0,0.0237,0.7964,0.6043,0,0.1892,-0.5223,-2.2085,1]},
{"frame":27,"values":[0.9962,-0.07,0.0517,0,0.0825,0.5677,-0.8191,0,0.028,0.8203,0.5713,0,0.1892,-0.5223,-2.2085,1]},
{"frame":28,"values":[0.9959,-0.0731,0.0535,0,0.0833,0.5089,-0.8568,0,0.0354,0.8577,0.5129,0,0.1892,-0.5223,-2.2085,1]},
{"frame":29,"values":[0.9954,-0.0771,0.0562,0,0.0837,0.423,-0.9023,0,0.0458,0.9029,0.4275,0,0.1892,-0.5223,-2.2085,1]},
{"frame":30,"values":[0.9949,-0.0816,0.0601,0,0.0828,0.3136,-0.9459,0,0.0583,0.946,0.3188,0,0.1892,-0.5223,-2.2085,1]},
{"frame":31,"values":[0.994,-0.0872,0.0665,0,0.0789,0.1475,-0.9859,0,0.0761,0.9852,0.1535,0,0.1892,-0.5223,-2.2085,1]},
{"frame":32,"values":[0.9926,-0.0934,0.078,0,0.0673,-0.1123,-0.9914,0,0.1013,0.9893,-0.1052,0,0.1892,-0.5223,-2.2085,1]},
{"frame":33,"values":[0.9909,-0.0966,0.0934,0,0.0452,-0.4145,-0.9089,0,0.1265,0.9049,-0.4064,0,0.1892,-0.5223,-2.2085,1]},
{"frame":34,"values":[0.9896,-0.0953,0.1077,0,0.019,-0.6559,-0.7546,0,0.1425,0.7488,-0.6473,0,0.1892,-0.5223,-2.2085,1]},
{"frame":35,"values":[0.9889,-0.0922,0.1166,0,0,-0.7846,-0.62,0,0.1486,0.6131,-0.7759,0,0.1892,-0.5223,-2.2085,1]},
{"frame":36,"values":[0.9887,-0.0908,0.1194,0,-0.0065,-0.8211,-0.5708,0,0.1499,0.5636,-0.8124,0,0.1892,-0.5223,-2.2085,1]},
{"frame":37,"values":[0.9889,-0.0925,0.1159,0,0.0016,-0.775,-0.6319,0,0.1483,0.6251,-0.7663,0,0.1892,-0.5223,-2.2085,1]},
{"frame":38,"values":[0.9899,-0.0959,0.1047,0,0.0251,-0.6076,-0.7938,0,0.1397,0.7884,-0.5991,0,0.1892,-0.5223,-2.2085,1]},
{"frame":39,"values":[0.9916,-0.0959,0.0869,0,0.0553,-0.2929,-0.9545,0,0.117,0.9513,-0.2851,0,0.1892,-0.5223,-2.2085,1]},
{"frame":40,"values":[0.9935,-0.0895,0.07,0,0.076,0.0657,-0.9949,0,0.0844,0.9938,0.072,0,0.1892,-0.5223,-2.2085,1]},
{"frame":41,"values":[0.9948,-0.0816,0.0601,0,0.0828,0.3125,-0.9463,0,0.0584,0.9464,0.3177,0,0.1892,-0.5223,-2.2085,1]},
{"frame":42,"values":[0.9954,-0.0778,0.0568,0,0.0837,0.4076,-0.9093,0,0.0476,0.9099,0.4122,0,0.1892,-0.5223,-2.2085,1]},
{"frame":43,"values":[0.9955,-0.0768,0.056,0,0.0838,0.4309,-0.8985,0,0.0448,0.8991,0.4354,0,0.1892,-0.5223,-2.2085,1]},
{"frame":44,"values":[0.9956,-0.076,0.0554,0,0.0837,0.4486,-0.8898,0,0.0427,0.8905,0.4529,0,0.1892,-0.5223,-2.2085,1]},
{"frame":45,"values":[0.9956,-0.0755,0.055,0,0.0837,0.4597,-0.8841,0,0.0414,0.8848,0.464,0,0.1892,-0.5223,-2.2085,1]},
{"frame":46,"values":[0.9957,-0.0752,0.0549,0,0.0837,0.4651,-0.8813,0,0.0408,0.882,0.4694,0,0.1892,-0.5223,-2.2085,1]},
{"frame":47,"values":[0.9957,-0.0751,0.0548,0,0.0837,0.4668,-0.8804,0,0.0406,0.8811,0.4711,0,0.1892,-0.5223,-2.2085,1]},
{"frame":48,"values":[0.9957,-0.0751,0.0548,0,0.0837,0.467,-0.8803,0,0.0405,0.881,0.4713,0,0.1892,-0.5223,-2.2085,1]}],"loopBehavior":1,"name":"anim","property":"_matrix"}},
{"name":"Toe.Target.L","index":6,"matrix":[0.9994,-0.009,0.0348,0,0.0259,0.8503,-0.5256,0,-0.0249,0.5262,0.85,0,0.1154,1.3251,-1.8921,1],"rest":[0.9994,-0.009,0.0348,0,0.0259,0.8503,-0.5256,0,-0.0249,0.5262,0.85,0,0.1154,1.3251,-1.8921,1],"parentBoneIndex":5,"length":2.2454
,"animation":{"dataType":3,"framePerSecond":24,"keys":[
{"frame":1,"values":[0.9994,-0.009,0.0348,0,0.0259,0.8503,-0.5256,0,-0.0249,0.5262,0.85,0,0.1154,1.3251,-1.8921,1]},
{"frame":48,"values":[0.9994,-0.009,0.0348,0,0.0259,0.8503,-0.5256,0,-0.0249,0.5262,0.85,0,0.1154,1.3251,-1.8921,1]}],"loopBehavior":1,"name":"anim","property":"_matrix"}},
{"name":"ToeOuterTarget.L","index":7,"matrix":[0.9977,0.0628,0.0238,0,-0.0416,0.8564,-0.5146,0,-0.0527,0.5125,0.8571,0,-0.9539,1.0877,-1.8244,1],"rest":[0.9977,0.0628,0.0238,0,-0.0416,0.8564,-0.5146,0,-0.0527,0.5125,0.8571,0,-0.9539,1.0877,-1.8244,1],"parentBoneIndex":5,"length":2.5163
,"animation":{"dataType":3,"framePerSecond":24,"keys":[
{"frame":1,"values":[0.9977,0.0628,0.0238,0,-0.0416,0.8564,-0.5146,0,-0.0527,0.5125,0.8571,0,-0.9539,1.0877,-1.8244,1]},
{"frame":48,"values":[0.9977,0.0628,0.0238,0,-0.0416,0.8564,-0.5146,0,-0.0527,0.5125,0.8571,0,-0.9539,1.0877,-1.8244,1]}],"loopBehavior":1,"name":"anim","property":"_matrix"}},
{"name":"ToeInnerTarget.L","index":8,"matrix":[0.9933,-0.0807,0.083,0,0.1133,0.8242,-0.5549,0,-0.0236,0.5606,0.8278,0,1.2146,1.3693,-1.7874,1],"rest":[0.9933,-0.0807,0.083,0,0.1133,0.8242,-0.5549,0,-0.0236,0.5606,0.8278,0,1.2146,1.3693,-1.7875,1],"parentBoneIndex":5,"length":2.2061
,"animation":{"dataType":3,"framePerSecond":24,"keys":[
{"frame":1,"values":[0.9933,-0.0807,0.083,0,0.1133,0.8242,-0.5549,0,-0.0236,0.5606,0.8278,0,1.2146,1.3693,-1.7874,1]},
{"frame":7,"values":[0.9933,-0.0807,0.083,0,0.1133,0.8242,-0.5549,0,-0.0236,0.5606,0.8278,0,1.2146,1.3693,-1.7875,1]},
{"frame":8,"values":[0.9933,-0.0807,0.083,0,0.1133,0.8242,-0.5549,0,-0.0236,0.5606,0.8278,0,1.2146,1.3693,-1.7874,1]},
{"frame":20,"values":[0.9933,-0.0807,0.083,0,0.1133,0.8242,-0.5549,0,-0.0236,0.5606,0.8278,0,1.2146,1.3693,-1.7875,1]},
{"frame":21,"values":[0.9933,-0.0807,0.083,0,0.1133,0.8242,-0.5549,0,-0.0236,0.5606,0.8278,0,1.2146,1.3693,-1.7874,1]},
{"frame":28,"values":[0.9933,-0.0807,0.083,0,0.1133,0.8242,-0.5549,0,-0.0236,0.5606,0.8278,0,1.2146,1.3693,-1.7875,1]},
{"frame":32,"values":[0.9933,-0.0807,0.083,0,0.1133,0.8242,-0.5549,0,-0.0236,0.5606,0.8278,0,1.2146,1.3693,-1.7874,1]},
{"frame":33,"values":[0.9933,-0.0807,0.083,0,0.1133,0.8242,-0.5549,0,-0.0236,0.5606,0.8278,0,1.2146,1.3693,-1.7875,1]},
{"frame":34,"values":[0.9933,-0.0807,0.083,0,0.1133,0.8242,-0.5549,0,-0.0236,0.5606,0.8278,0,1.2146,1.3693,-1.7874,1]},
{"frame":35,"values":[0.9933,-0.0807,0.083,0,0.1133,0.8242,-0.5549,0,-0.0236,0.5606,0.8278,0,1.2146,1.3693,-1.7875,1]},
{"frame":36,"values":[0.9933,-0.0807,0.083,0,0.1133,0.8242,-0.5549,0,-0.0236,0.5606,0.8278,0,1.2146,1.3693,-1.7874,1]},
{"frame":38,"values":[0.9933,-0.0807,0.083,0,0.1133,0.8242,-0.5549,0,-0.0236,0.5606,0.8278,0,1.2146,1.3693,-1.7875,1]},
{"frame":39,"values":[0.9933,-0.0807,0.083,0,0.1133,0.8242,-0.5549,0,-0.0236,0.5606,0.8278,0,1.2146,1.3693,-1.7874,1]},
{"frame":42,"values":[0.9933,-0.0807,0.083,0,0.1133,0.8242,-0.5549,0,-0.0236,0.5606,0.8278,0,1.2146,1.3693,-1.7875,1]},
{"frame":44,"values":[0.9933,-0.0807,0.083,0,0.1133,0.8242,-0.5549,0,-0.0236,0.5606,0.8278,0,1.2146,1.3693,-1.7874,1]},
{"frame":48,"values":[0.9933,-0.0807,0.083,0,0.1133,0.8242,-0.5549,0,-0.0236,0.5606,0.8278,0,1.2146,1.3693,-1.7874,1]}],"loopBehavior":1,"name":"anim","property":"_matrix"}},
{"name":"Spine01","index":9,"matrix":[-1,0,0,0,0,0.0009,-1,0,0,1,0.0009,0,-0.0074,7.436,5.1953,1],"rest":[-1,0,0,0,0,0.0019,-1,0,0,1,0.0019,0,0,9.1628,5.1953,1],"parentBoneIndex":-1,"length":2.9448
,"animation":{"dataType":3,"framePerSecond":24,"keys":[
{"frame":1,"values":[-1,0,0,0,0,0.0019,-1,0,0,1,0.0019,0,0,7.4396,5.1953,1]},
{"frame":2,"values":[-1,0,0,0,0,0.0009,-1,0,0,1,0.0009,0,-0.0074,7.436,5.1953,1]},
{"frame":3,"values":[-1,0,0,0,0,-0.0022,-1,0,0,1,-0.0022,0,-0.0298,7.425,5.1953,1]},
{"frame":4,"values":[-1,0,0,0,0,-0.0071,-1,0,0,1,-0.0071,0,-0.0665,7.407,5.1953,1]},
{"frame":5,"values":[-1,0,0,0,0,-0.0137,-0.9999,0,0,0.9999,-0.0137,0,-0.1154,7.383,5.1953,1]},
{"frame":6,"values":[-1,0,0,0,0,-0.0214,-0.9998,0,0,0.9998,-0.0214,0,-0.1726,7.355,5.1953,1]},
{"frame":7,"values":[-1,0,0,0,0,-0.0295,-0.9996,0,0,0.9996,-0.0295,0,-0.2327,7.3254,5.1953,1]},
{"frame":8,"values":[-1,0,0,0,0,-0.0372,-0.9993,0,0,0.9993,-0.0372,0,-0.2899,7.2974,5.1953,1]},
{"frame":9,"values":[-1,0,0,0,0,-0.0437,-0.999,0,0,0.999,-0.0437,0,-0.3388,7.2734,5.1953,1]},
{"frame":10,"values":[-1,0,0,0,0,-0.0487,-0.9988,0,0,0.9988,-0.0487,0,-0.3754,7.2554,5.1953,1]},
{"frame":11,"values":[-1,0,0,0,0,-0.0517,-0.9987,0,0,0.9987,-0.0517,0,-0.3978,7.2445,5.1953,1]},
{"frame":12,"values":[-1,0,0,0,0,-0.0527,-0.9986,0,0,0.9986,-0.0527,0,-0.4052,7.2408,5.1953,1]},
{"frame":13,"values":[-1,0,0,0,0,-0.0519,-0.9987,0,0,0.9987,-0.0519,0,-0.4013,7.2439,5.1953,1]},
{"frame":14,"values":[-1,0,0,0,0,-0.0493,-0.9988,0,0,0.9988,-0.0493,0,-0.3894,7.2531,5.1953,1]},
{"frame":15,"values":[-1,0,0,0,0,-0.0452,-0.999,0,0,0.999,-0.0452,0,-0.369,7.2683,5.1953,1]},
{"frame":16,"values":[-1,0,0,0,0,-0.0395,-0.9992,0,0,0.9992,-0.0395,0,-0.3403,7.2888,5.1953,1]},
{"frame":17,"values":[-1,0,0,0,0,-0.0328,-0.9995,0,0,0.9995,-0.0328,0,-0.3041,7.3134,5.1953,1]},
{"frame":18,"values":[-1,0,0,0,0,-0.0254,-0.9997,0,0,0.9997,-0.0254,0,-0.2619,7.3402,5.1953,1]},
{"frame":19,"values":[-1,0,0,0,0,-0.0181,-0.9998,0,0,0.9998,-0.0181,0,-0.2158,7.367,5.1953,1]},
{"frame":20,"values":[-1,0,0,0,0,-0.0113,-0.9999,0,0,0.9999,-0.0113,0,-0.1681,7.3916,5.1953,1]},
{"frame":21,"values":[-1,0,0,0,0,-0.0057,-1,0,0,1,-0.0057,0,-0.1212,7.4121,5.1953,1]},
{"frame":22,"values":[-1,0,0,0,0,-0.0015,-1,0,0,1,-0.0015,0,-0.0768,7.4273,5.1953,1]},
{"frame":23,"values":[-1,0,0,0,0,0.001,-1,0,0,1,0.001,0,-0.0361,7.4366,5.1953,1]},
{"frame":24,"values":[-1,0,0,0,0,0.0019,-1,0,0,1,0.0019,0,0,7.4396,5.1953,1]},
{"frame":25,"values":[-1,0,0,0,0,0.001,-1,0,0,1,0.001,0,0.0361,7.4366,5.1953,1]},
{"frame":26,"values":[-1,0,0,0,0,-0.0015,-1,0,0,1,-0.0015,0,0.0768,7.4273,5.1953,1]},
{"frame":27,"values":[-1,0,0,0,0,-0.0057,-1,0,0,1,-0.0057,0,0.1212,7.4121,5.1953,1]},
{"frame":28,"values":[-1,0,0,0,0,-0.0113,-0.9999,0,0,0.9999,-0.0113,0,0.1681,7.3916,5.1953,1]},
{"frame":29,"values":[-1,0,0,0,0,-0.0181,-0.9998,0,0,0.9998,-0.0181,0,0.2158,7.367,5.1953,1]},
{"frame":30,"values":[-1,0,0,0,0,-0.0254,-0.9997,0,0,0.9997,-0.0254,0,0.2619,7.3402,5.1953,1]},
{"frame":31,"values":[-1,0,0,0,0,-0.0328,-0.9995,0,0,0.9995,-0.0328,0,0.3041,7.3134,5.1953,1]},
{"frame":32,"values":[-1,0,0,0,0,-0.0395,-0.9992,0,0,0.9992,-0.0395,0,0.3403,7.2888,5.1953,1]},
{"frame":33,"values":[-1,0,0,0,0,-0.0452,-0.999,0,0,0.999,-0.0452,0,0.369,7.2683,5.1953,1]},
{"frame":34,"values":[-1,0,0,0,0,-0.0493,-0.9988,0,0,0.9988,-0.0493,0,0.3894,7.2531,5.1953,1]},
{"frame":35,"values":[-1,0,0,0,0,-0.0519,-0.9987,0,0,0.9987,-0.0519,0,0.4013,7.2439,5.1953,1]},
{"frame":36,"values":[-1,0,0,0,0,-0.0527,-0.9986,0,0,0.9986,-0.0527,0,0.4052,7.2408,5.1953,1]},
{"frame":37,"values":[-1,0,0,0,0,-0.0519,-0.9987,0,0,0.9987,-0.0519,0,0.399,7.2439,5.1953,1]},
{"frame":38,"values":[-1,0,0,0,0,-0.0493,-0.9988,0,0,0.9988,-0.0493,0,0.3802,7.2531,5.1953,1]},
{"frame":39,"values":[-1,0,0,0,0,-0.0452,-0.999,0,0,0.999,-0.0452,0,0.3492,7.2683,5.1953,1]},
{"frame":40,"values":[-1,0,0,0,0,-0.0395,-0.9992,0,0,0.9992,-0.0395,0,0.3073,7.2888,5.1953,1]},
{"frame":41,"values":[-1,0,0,0,0,-0.0328,-0.9995,0,0,0.9995,-0.0328,0,0.2572,7.3134,5.1953,1]},
{"frame":42,"values":[-1,0,0,0,0,-0.0254,-0.9997,0,0,0.9997,-0.0254,0,0.2026,7.3402,5.1953,1]},
{"frame":43,"values":[-1,0,0,0,0,-0.0181,-0.9998,0,0,0.9998,-0.0181,0,0.148,7.367,5.1953,1]},
{"frame":44,"values":[-1,0,0,0,0,-0.0113,-0.9999,0,0,0.9999,-0.0113,0,0.0979,7.3916,5.1953,1]},
{"frame":45,"values":[-1,0,0,0,0,-0.0057,-1,0,0,1,-0.0057,0,0.0561,7.4121,5.1953,1]},
{"frame":46,"values":[-1,0,0,0,0,-0.0015,-1,0,0,1,-0.0015,0,0.0251,7.4273,5.1953,1]},
{"frame":47,"values":[-1,0,0,0,0,0.001,-1,0,0,1,0.001,0,0.0062,7.4366,5.1953,1]},
{"frame":48,"values":[-1,0,0,0,0,0.0019,-1,0,0,1,0.0019,0,0,7.4396,5.1953,1]}],"loopBehavior":1,"name":"anim","property":"_matrix"}},
{"name":"Spine02","index":10,"matrix":[1,0,0,0,0,0.9965,0.0839,0,0,-0.0839,0.9965,0,0,2.9448,0,1],"rest":[1,0,0,0,0,0.9964,0.0853,0,0,-0.0853,0.9963,0,0,2.9448,0,1],"parentBoneIndex":9,"length":2.4606
,"animation":{"dataType":3,"framePerSecond":24,"keys":[
{"frame":1,"values":[1,0,0,0,0,0.9964,0.0853,0,0,-0.0853,0.9964,0,0,2.9448,0,1]},
{"frame":2,"values":[1,0,0,0,0,0.9965,0.0839,0,0,-0.0839,0.9965,0,0,2.9448,0,1]},
{"frame":3,"values":[1,0,0,0,0,0.9968,0.0797,0,0,-0.0797,0.9968,0,0,2.9448,0,1]},
{"frame":4,"values":[1,0,0,0,0,0.9973,0.0728,0,0,-0.0728,0.9973,0,0,2.9448,0,1]},
{"frame":5,"values":[1,0,0,0,0,0.998,0.0636,0,0,-0.0636,0.998,0,0,2.9448,0,1]},
{"frame":6,"values":[1,0,0,0,0,0.9986,0.0528,0,0,-0.0528,0.9986,0,0,2.9448,0,1]},
{"frame":7,"values":[1,0,0,0,0,0.9991,0.0414,0,0,-0.0414,0.9991,0,0,2.9448,0,1]},
{"frame":8,"values":[1,0,0,0,0,0.9995,0.0306,0,0,-0.0306,0.9995,0,0,2.9448,0,1]},
{"frame":9,"values":[1,0,0,0,0,0.9998,0.0214,0,0,-0.0214,0.9998,0,0,2.9448,0,1]},
{"frame":10,"values":[1,0,0,0,0,0.9999,0.0145,0,0,-0.0145,0.9999,0,0,2.9448,0,1]},
{"frame":11,"values":[1,0,0,0,0,0.9999,0.0103,0,0,-0.0103,0.9999,0,0,2.9448,0,1]},
{"frame":12,"values":[1,0,0,0,0,1,0.0089,0,0,-0.0089,1,0,0,2.9448,0,1]},
{"frame":13,"values":[1,0,0,0,0,0.9999,0.0101,0,0,-0.0101,0.9999,0,0,2.9448,0,1]},
{"frame":14,"values":[1,0,0,0,0,0.9999,0.0136,0,0,-0.0136,0.9999,0,0,2.9448,0,1]},
{"frame":15,"values":[1,0,0,0,0,0.9998,0.0195,0,0,-0.0195,0.9998,0,0,2.9448,0,1]},
{"frame":16,"values":[1,0,0,0,0,0.9996,0.0274,0,0,-0.0274,0.9996,0,0,2.9448,0,1]},
{"frame":17,"values":[1,0,0,0,0,0.9993,0.0368,0,0,-0.0368,0.9993,0,0,2.9448,0,1]},
{"frame":18,"values":[1,0,0,0,0,0.9989,0.0471,0,0,-0.0471,0.9989,0,0,2.9448,0,1]},
{"frame":19,"values":[1,0,0,0,0,0.9984,0.0574,0,0,-0.0574,0.9984,0,0,2.9448,0,1]},
{"frame":20,"values":[1,0,0,0,0,0.9978,0.0668,0,0,-0.0668,0.9978,0,0,2.9448,0,1]},
{"frame":21,"values":[1,0,0,0,0,0.9972,0.0747,0,0,-0.0747,0.9972,0,0,2.9448,0,1]},
{"frame":22,"values":[1,0,0,0,0,0.9967,0.0806,0,0,-0.0806,0.9967,0,0,2.9448,0,1]},
{"frame":23,"values":[1,0,0,0,0,0.9965,0.0841,0,0,-0.0841,0.9965,0,0,2.9448,0,1]},
{"frame":24,"values":[1,0,0,0,0,0.9964,0.0853,0,0,-0.0853,0.9964,0,0,2.9448,0,1]},
{"frame":25,"values":[1,0,0,0,0,0.9964,0.0843,0,0,-0.0843,0.9964,0,0,2.9448,0,1]},
{"frame":26,"values":[1,0,0,0,0,0.9967,0.0812,0,0,-0.0812,0.9967,0,0,2.9448,0,1]},
{"frame":27,"values":[1,0,0,0,0,0.9971,0.0762,0,0,-0.0762,0.9971,0,0,2.9448,0,1]},
{"frame":28,"values":[1,0,0,0,0,0.9976,0.0694,0,0,-0.0694,0.9976,0,0,2.9448,0,1]},
{"frame":29,"values":[1,0,0,0,0,0.9981,0.0613,0,0,-0.0613,0.9981,0,0,2.9448,0,1]},
{"frame":30,"values":[1,0,0,0,0,0.9986,0.0525,0,0,-0.0525,0.9986,0,0,2.9448,0,1]},
{"frame":31,"values":[1,0,0,0,0,0.999,0.0437,0,0,-0.0437,0.999,0,0,2.9448,0,1]},
{"frame":32,"values":[1,0,0,0,0,0.9994,0.0355,0,0,-0.0355,0.9994,0,0,2.9448,0,1]},
{"frame":33,"values":[1,0,0,0,0,0.9996,0.0288,0,0,-0.0288,0.9996,0,0,2.9448,0,1]},
{"frame":34,"values":[1,0,0,0,0,0.9997,0.0237,0,0,-0.0237,0.9997,0,0,2.9448,0,1]},
{"frame":35,"values":[1,0,0,0,0,0.9998,0.0207,0,0,-0.0207,0.9998,0,0,2.9448,0,1]},
{"frame":36,"values":[1,0,0,0,0,0.9998,0.0197,0,0,-0.0197,0.9998,0,0,2.9448,0,1]},
{"frame":37,"values":[1,0,0,0,0,0.9998,0.0207,0,0,-0.0207,0.9998,0,0,2.9448,0,1]},
{"frame":38,"values":[1,0,0,0,0,0.9997,0.0237,0,0,-0.0237,0.9997,0,0,2.9448,0,1]},
{"frame":39,"values":[1,0,0,0,0,0.9996,0.0288,0,0,-0.0288,0.9996,0,0,2.9448,0,1]},
{"frame":40,"values":[1,0,0,0,0,0.9994,0.0355,0,0,-0.0355,0.9994,0,0,2.9448,0,1]},
{"frame":41,"values":[1,0,0,0,0,0.999,0.0437,0,0,-0.0437,0.999,0,0,2.9448,0,1]},
{"frame":42,"values":[1,0,0,0,0,0.9986,0.0525,0,0,-0.0525,0.9986,0,0,2.9448,0,1]},
{"frame":43,"values":[1,0,0,0,0,0.9981,0.0613,0,0,-0.0613,0.9981,0,0,2.9448,0,1]},
{"frame":44,"values":[1,0,0,0,0,0.9976,0.0694,0,0,-0.0694,0.9976,0,0,2.9448,0,1]},
{"frame":45,"values":[1,0,0,0,0,0.9971,0.0762,0,0,-0.0762,0.9971,0,0,2.9448,0,1]},
{"frame":46,"values":[1,0,0,0,0,0.9967,0.0812,0,0,-0.0812,0.9967,0,0,2.9448,0,1]},
{"frame":47,"values":[1,0,0,0,0,0.9964,0.0843,0,0,-0.0843,0.9964,0,0,2.9448,0,1]},
{"frame":48,"values":[1,0,0,0,0,0.9964,0.0853,0,0,-0.0853,0.9964,0,0,2.9448,0,1]}],"loopBehavior":1,"name":"anim","property":"_matrix"}},
{"name":"Spine03","index":11,"matrix":[1,0,0,0,0,0.9992,0.0389,0,0,-0.0389,0.9992,0,0,2.4606,0,1],"rest":[1,0,0,0,0,0.9993,0.0377,0,0,-0.0377,0.9993,0,0,2.4606,0,1],"parentBoneIndex":10,"length":3.964
,"animation":{"dataType":3,"framePerSecond":24,"keys":[
{"frame":1,"values":[1,0,0,0,0,0.9993,0.0377,0,0,-0.0377,0.9993,0,0,2.4606,0,1]},
{"frame":2,"values":[1,0,0,0,0,0.9992,0.0389,0,0,-0.0389,0.9992,0,0,2.4606,0,1]},
{"frame":3,"values":[1,0,0,0,0,0.9991,0.0424,0,0,-0.0424,0.9991,0,0,2.4606,0,1]},
{"frame":4,"values":[1,0,0,0,0,0.9988,0.0482,0,0,-0.0482,0.9988,0,0,2.4606,0,1]},
{"frame":5,"values":[1,0,0,0,0,0.9984,0.0558,0,0,-0.0558,0.9984,0,0,2.4606,0,1]},
{"frame":6,"values":[1,0,0,0,0,0.9979,0.0648,0,0,-0.0648,0.9979,0,0,2.4606,0,1]},
{"frame":7,"values":[1,0,0,0,0,0.9972,0.0743,0,0,-0.0743,0.9972,0,0,2.4606,0,1]},
{"frame":8,"values":[1,0,0,0,0,0.9965,0.0833,0,0,-0.0833,0.9965,0,0,2.4606,0,1]},
{"frame":9,"values":[1,0,0,0,0,0.9959,0.0909,0,0,-0.0909,0.9959,0,0,2.4606,0,1]},
{"frame":10,"values":[1,0,0,0,0,0.9953,0.0967,0,0,-0.0967,0.9953,0,0,2.4606,0,1]},
{"frame":11,"values":[1,0,0,0,0,0.995,0.1002,0,0,-0.1002,0.995,0,0,2.4606,0,1]},
{"frame":12,"values":[1,0,0,0,0,0.9949,0.1013,0,0,-0.1013,0.9949,0,0,2.4606,0,1]},
{"frame":13,"values":[1,0,0,0,0,0.995,0.1004,0,0,-0.1004,0.995,0,0,2.4606,0,1]},
