{"producer":{"name":"Blender","version":"2.78 (sub 0)","exporter_version":"4.6.1","file":"untitled.babylon"},
"autoClear":true,"clearColor":[0.0509,0.0509,0.0509],"ambientColor":[0,0,0],"gravity":[0,-9.81,0],
"materials":[{"name":"untitled.Eye","id":"untitled.Eye","ambient":[0.8,0.8,0.8],"diffuse":[0.64,0.64,0.64],"specular":[0.5,0.5,0.5],"emissive":[0,0,0],"specularPower":511,"alpha":1,"backFaceCulling":true,"checkReadyOnlyOnce":false},
{"name":"untitled.LowerTeeth","id":"untitled.LowerTeeth","ambient":[0.8,0.8,0.8],"diffuse":[0.64,0.64,0.64],"specular":[0.5,0.5,0.5],"emissive":[0,0,0],"specularPower":509,"alpha":1,"backFaceCulling":true,"checkReadyOnlyOnce":false},
{"name":"untitled.UpperTeeth","id":"untitled.UpperTeeth","ambient":[0.8,0.8,0.8],"diffuse":[0.64,0.64,0.64],"specular":[0.5,0.5,0.5],"emissive":[0,0,0],"specularPower":509,"alpha":1,"backFaceCulling":true,"checkReadyOnlyOnce":false},
{"name":"untitled.T-RexSkin","id":"untitled.T-RexSkin","ambient":[0.8,0.8,0.8],"diffuse":[0.64,0.64,0.64],"specular":[0.1092,0.1092,0.1092],"emissive":[0,0,0],"specularPower":21,"alpha":1,"backFaceCulling":true,"checkReadyOnlyOnce":false}],
"multiMaterials":[],
"skeletons":[{"name":"Armature","id":0,"dimensionsAtRest":[6.6444,13.0928,33.1789],"bones":[
{"name":"Spine01","index":0,"matrix":[-1,-0.0004,0,0,0,0.0019,-1,0,-0.0004,1,0.0019,0,0,7.4396,5.1953,1],"rest":[-1,-0.0004,0,0,0,0.0019,-1,0,-0.0004,1,0.0019,0,0,9.1628,5.1953,1],"parentBoneIndex":-1,"length":2.9448
,"animation":{"dataType":3,"framePerSecond":24,"keys":[
{"frame":0,"values":[-1,-0.0004,0,0,0,0.0019,-1,0,-0.0004,1,0.0019,0,0,7.4396,5.1953,1]},
{"frame":2,"values":[-1,-0.0004,0,0,0,-0.0034,-1,0,-0.0004,1,-0.0034,0,-0.0388,7.4206,5.1953,1]},
{"frame":3,"values":[-1,-0.0004,0,0,0,-0.0086,-1,0,-0.0004,1,-0.0086,0,-0.0776,7.4016,5.1953,1]},
{"frame":4,"values":[-1,-0.0004,0,0,0,-0.0138,-0.9999,0,-0.0004,0.9999,-0.0138,0,-0.1164,7.3825,5.1953,1]},
{"frame":5,"values":[-1,-0.0004,0,0,0,-0.019,-0.9998,0,-0.0004,0.9998,-0.019,0,-0.1552,7.3635,5.1953,1]},
{"frame":6,"values":[-1,-0.0004,0,0,0,-0.0243,-0.9997,0,-0.0004,0.9997,-0.0243,0,-0.1939,7.3445,5.1953,1]},
{"frame":7,"values":[-1,-0.0004,0,0,0,-0.0295,-0.9996,0,-0.0004,0.9996,-0.0295,0,-0.2327,7.3254,5.1953,1]},
{"frame":8,"values":[-1,-0.0004,0,0,0,-0.0341,-0.9994,0,-0.0004,0.9994,-0.0341,0,-0.2672,7.3085,5.1953,1]},
{"frame":9,"values":[-1,-0.0004,0,0,0,-0.0388,-0.9992,0,-0.0004,0.9993,-0.0388,0,-0.3017,7.2916,5.1953,1]},
{"frame":10,"values":[-1,-0.0004,0,0,0,-0.0434,-0.9991,0,-0.0004,0.9991,-0.0434,0,-0.3362,7.2747,5.1953,1]},
{"frame":11,"values":[-1,-0.0004,0,0,0,-0.048,-0.9988,0,-0.0004,0.9988,-0.048,0,-0.3707,7.2577,5.1953,1]},
{"frame":12,"values":[-1,-0.0004,0,0,0,-0.0527,-0.9986,0,-0.0004,0.9986,-0.0527,0,-0.4052,7.2408,5.1953,1]},
{"frame":13,"values":[-1,-0.0004,0,0,0,-0.0481,-0.9988,0,-0.0004,0.9988,-0.0481,0,-0.3813,7.2574,5.1953,1]},
{"frame":14,"values":[-1,-0.0004,0,0,0,-0.0436,-0.999,0,-0.0004,0.9991,-0.0436,0,-0.3574,7.2739,5.1953,1]},
{"frame":15,"values":[-1,-0.0004,0,0,0,-0.0391,-0.9992,0,-0.0004,0.9992,-0.0391,0,-0.3336,7.2905,5.1953,1]},
{"frame":16,"values":[-1,-0.0004,0,0,0,-0.0345,-0.9994,0,-0.0004,0.9994,-0.0345,0,-0.3097,7.3071,5.1953,1]},
{"frame":17,"values":[-1,-0.0004,0,0,0,-0.03,-0.9996,0,-0.0004,0.9996,-0.03,0,-0.2858,7.3236,5.1953,1]},
{"frame":18,"values":[-1,-0.0004,0,0,0,-0.0254,-0.9997,0,-0.0004,0.9997,-0.0254,0,-0.2619,7.3402,5.1953,1]},
{"frame":19,"values":[-1,-0.0004,0,0,0,-0.0209,-0.9998,0,-0.0004,0.9998,-0.0209,0,-0.2183,7.3568,5.1953,1]},
{"frame":20,"values":[-1,-0.0004,0,0,0,-0.0163,-0.9999,0,-0.0004,0.9999,-0.0163,0,-0.1746,7.3733,5.1953,1]},
{"frame":21,"values":[-1,-0.0004,0,0,0,-0.0118,-0.9999,0,-0.0004,0.9999,-0.0118,0,-0.131,7.3899,5.1953,1]},
{"frame":22,"values":[-1,-0.0004,0,0,0,-0.0072,-1,0,-0.0004,1,-0.0072,0,-0.0873,7.4065,5.1953,1]},
{"frame":23,"values":[-1,-0.0004,0,0,0,-0.0027,-1,0,-0.0004,1,-0.0027,0,-0.0437,7.423,5.1953,1]},
{"frame":24,"values":[-1,-0.0004,0,0,0,0.0019,-1,0,-0.0004,1,0.0019,0,0,7.4396,5.1953,1]},
{"frame":25,"values":[-1,-0.0004,0,0,0,-0.0027,-1,0,-0.0004,1,-0.0027,0,0.0437,7.423,5.1953,1]},
{"frame":26,"values":[-1,-0.0004,0,0,0,-0.0072,-1,0,-0.0004,1,-0.0072,0,0.0873,7.4065,5.1953,1]},
{"frame":27,"values":[-1,-0.0004,0,0,0,-0.0118,-0.9999,0,-0.0004,0.9999,-0.0118,0,0.131,7.3899,5.1953,1]},
{"frame":28,"values":[-1,-0.0004,0,0,0,-0.0163,-0.9999,0,-0.0004,0.9999,-0.0163,0,0.1746,7.3733,5.1953,1]},
{"frame":29,"values":[-1,-0.0004,0,0,0,-0.0209,-0.9998,0,-0.0004,0.9998,-0.0209,0,0.2183,7.3568,5.1953,1]},
{"frame":30,"values":[-1,-0.0004,0,0,0,-0.0254,-0.9997,0,-0.0004,0.9997,-0.0254,0,0.2619,7.3402,5.1953,1]},
{"frame":31,"values":[-1,-0.0004,0,0,0,-0.03,-0.9996,0,-0.0004,0.9996,-0.03,0,0.2858,7.3236,5.1953,1]},
{"frame":32,"values":[-1,-0.0004,0,0,0,-0.0345,-0.9994,0,-0.0004,0.9994,-0.0345,0,0.3097,7.3071,5.1953,1]},
{"frame":33,"values":[-1,-0.0004,0,0,0,-0.0391,-0.9992,0,-0.0004,0.9992,-0.0391,0,0.3336,7.2905,5.1953,1]},
{"frame":34,"values":[-1,-0.0004,0,0,0,-0.0436,-0.999,0,-0.0004,0.9991,-0.0436,0,0.3574,7.2739,5.1953,1]},
{"frame":35,"values":[-1,-0.0004,0,0,0,-0.0481,-0.9988,0,-0.0004,0.9988,-0.0481,0,0.3813,7.2574,5.1953,1]},
{"frame":36,"values":[-1,-0.0004,0,0,0,-0.0527,-0.9986,0,-0.0004,0.9986,-0.0527,0,0.4052,7.2408,5.1953,1]},
{"frame":37,"values":[-1,-0.0004,0,0,0,-0.0481,-0.9988,0,-0.0004,0.9988,-0.0481,0,0.3714,7.2574,5.1953,1]},
{"frame":38,"values":[-1,-0.0004,0,0,0,-0.0436,-0.999,0,-0.0004,0.9991,-0.0436,0,0.3377,7.2739,5.1953,1]},
{"frame":39,"values":[-1,-0.0004,0,0,0,-0.0391,-0.9992,0,-0.0004,0.9992,-0.0391,0,0.3039,7.2905,5.1953,1]},
{"frame":40,"values":[-1,-0.0004,0,0,0,-0.0345,-0.9994,0,-0.0004,0.9994,-0.0345,0,0.2702,7.3071,5.1953,1]},
{"frame":41,"values":[-1,-0.0004,0,0,0,-0.03,-0.9996,0,-0.0004,0.9996,-0.03,0,0.2364,7.3236,5.1953,1]},
{"frame":42,"values":[-1,-0.0004,0,0,0,-0.0254,-0.9997,0,-0.0004,0.9997,-0.0254,0,0.2026,7.3402,5.1953,1]},
{"frame":43,"values":[-1,-0.0004,0,0,0,-0.0209,-0.9998,0,-0.0004,0.9998,-0.0209,0,0.1689,7.3568,5.1953,1]},
{"frame":44,"values":[-1,-0.0004,0,0,0,-0.0163,-0.9999,0,-0.0004,0.9999,-0.0163,0,0.1351,7.3733,5.1953,1]},
{"frame":45,"values":[-1,-0.0004,0,0,0,-0.0118,-0.9999,0,-0.0004,0.9999,-0.0118,0,0.1013,7.3899,5.1953,1]},
{"frame":46,"values":[-1,-0.0004,0,0,0,-0.0072,-1,0,-0.0004,1,-0.0072,0,0.0675,7.4065,5.1953,1]},
{"frame":47,"values":[-1,-0.0004,0,0,0,-0.0027,-1,0,-0.0004,1,-0.0027,0,0.0338,7.423,5.1953,1]},
{"frame":48,"values":[-1,-0.0004,0,0,0,0.0019,-1,0,-0.0004,1,0.0019,0,0,7.4396,5.1953,1]}],"loopBehavior":1,"name":"anim","property":"_matrix"}},
{"name":"Spine02","index":1,"matrix":[1,0,0.0004,0,0,0.9964,0.0853,0,-0.0004,-0.0853,0.9964,0,0,2.9448,0,1],"rest":[1,0,0.0004,0,0,0.9964,0.0853,0,-0.0004,-0.0853,0.9963,0,0,2.9448,0,1],"parentBoneIndex":0,"length":2.4606
,"animation":{"dataType":3,"framePerSecond":24,"keys":[
{"frame":0,"values":[1,0,0.0004,0,0,0.9964,0.0853,0,-0.0004,-0.0853,0.9964,0,0,2.9448,0,1]},
{"frame":2,"values":[1,0,0.0004,0,0,0.997,0.078,0,-0.0004,-0.078,0.997,0,0,2.9448,0,1]},
{"frame":3,"values":[1,0,0.0004,0,0,0.9975,0.0707,0,-0.0004,-0.0707,0.9975,0,0,2.9448,0,1]},
{"frame":4,"values":[1,0,0.0004,0,0,0.998,0.0634,0,-0.0004,-0.0634,0.998,0,0,2.9448,0,1]},
{"frame":5,"values":[1,0,0.0004,0,0,0.9984,0.0561,0,-0.0004,-0.0561,0.9984,0,0,2.9448,0,1]},
{"frame":6,"values":[1,0,0.0004,0,0,0.9988,0.0487,0,-0.0004,-0.0487,0.9988,0,0,2.9448,0,1]},
{"frame":7,"values":[1,0,0.0004,0,0,0.9991,0.0414,0,-0.0004,-0.0414,0.9991,0,0,2.9448,0,1]},
{"frame":8,"values":[1,0,0.0004,0,0,0.9994,0.0349,0,-0.0004,-0.0349,0.9994,0,0,2.9448,0,1]},
{"frame":9,"values":[1,0,0.0004,0,0,0.9996,0.0284,0,-0.0004,-0.0284,0.9996,0,0,2.9448,0,1]},
{"frame":10,"values":[1,0,0.0004,0,0,0.9998,0.0219,0,-0.0004,-0.0219,0.9998,0,0,2.9448,0,1]},
{"frame":11,"values":[1,0,0.0004,0,0,0.9999,0.0154,0,-0.0004,-0.0154,0.9999,0,0,2.9448,0,1]},
{"frame":12,"values":[1,0,0.0004,0,0,1,0.0089,0,-0.0004,-0.0089,1,0,0,2.9448,0,1]},
{"frame":13,"values":[1,0,0.0004,0,0,0.9999,0.0153,0,-0.0004,-0.0153,0.9999,0,0,2.9448,0,1]},
{"frame":14,"values":[1,0,0.0004,0,0,0.9998,0.0216,0,-0.0004,-0.0216,0.9998,0,0,2.9448,0,1]},
{"frame":15,"values":[1,0,0.0004,0,0,0.9996,0.028,0,-0.0004,-0.028,0.9996,0,0,2.9448,0,1]},
{"frame":16,"values":[1,0,0.0004,0,0,0.9994,0.0344,0,-0.0004,-0.0344,0.9994,0,0,2.9448,0,1]},
{"frame":17,"values":[1,0,0.0004,0,0,0.9992,0.0407,0,-0.0004,-0.0407,0.9992,0,0,2.9448,0,1]},
{"frame":18,"values":[1,0,0.0004,0,0,0.9989,0.0471,0,-0.0004,-0.0471,0.9989,0,0,2.9448,0,1]},
{"frame":19,"values":[1,0,0.0004,0,0,0.9986,0.0535,0,-0.0004,-0.0535,0.9986,0,0,2.9448,0,1]},
{"frame":20,"values":[1,0,0.0004,0,0,0.9982,0.0598,0,-0.0004,-0.0598,0.9982,0,0,2.9448,0,1]},
{"frame":21,"values":[1,0,0.0004,0,0,0.9978,0.0662,0,-0.0004,-0.0662,0.9978,0,0,2.9448,0,1]},
{"frame":22,"values":[1,0,0.0004,0,0,0.9974,0.0726,0,-0.0004,-0.0726,0.9974,0,0,2.9448,0,1]},
{"frame":23,"values":[1,0,0.0004,0,0,0.9969,0.0789,0,-0.0004,-0.0789,0.9969,0,0,2.9448,0,1]},
{"frame":24,"values":[1,0,0.0004,0,0,0.9964,0.0853,0,-0.0004,-0.0853,0.9964,0,0,2.9448,0,1]},
{"frame":25,"values":[1,0,0.0004,0,0,0.9968,0.0798,0,-0.0004,-0.0798,0.9968,0,0,2.9448,0,1]},
{"frame":26,"values":[1,0,0.0004,0,0,0.9972,0.0744,0,-0.0004,-0.0744,0.9972,0,0,2.9448,0,1]},
{"frame":27,"values":[1,0,0.0004,0,0,0.9976,0.0689,0,-0.0004,-0.0689,0.9976,0,0,2.9448,0,1]},
{"frame":28,"values":[1,0,0.0004,0,0,0.998,0.0634,0,-0.0004,-0.0634,0.998,0,0,2.9448,0,1]},
{"frame":29,"values":[1,0,0.0004,0,0,0.9983,0.058,0,-0.0004,-0.058,0.9983,0,0,2.9448,0,1]},
{"frame":30,"values":[1,0,0.0004,0,0,0.9986,0.0525,0,-0.0004,-0.0525,0.9986,0,0,2.9448,0,1]},
{"frame":31,"values":[1,0,0.0004,0,0,0.9989,0.047,0,-0.0004,-0.047,0.9989,0,0,2.9448,0,1]},
{"frame":32,"values":[1,0,0.0004,0,0,0.9991,0.0416,0,-0.0004,-0.0416,0.9991,0,0,2.9448,0,1]},
{"frame":33,"values":[1,0,0.0004,0,0,0.9993,0.0361,0,-0.0004,-0.0361,0.9993,0,0,2.9448,0,1]},
{"frame":34,"values":[1,0,0.0004,0,0,0.9995,0.0306,0,-0.0004,-0.0306,0.9995,0,0,2.9448,0,1]},
{"frame":35,"values":[1,0,0.0004,0,0,0.9997,0.0251,0,-0.0004,-0.0251,0.9997,0,0,2.9448,0,1]},
{"frame":36,"values":[1,0,0.0004,0,0,0.9998,0.0197,0,-0.0004,-0.0197,0.9998,0,0,2.9448,0,1]},
{"frame":37,"values":[1,0,0.0004,0,0,0.9997,0.0251,0,-0.0004,-0.0251,0.9997,0,0,2.9448,0,1]},
{"frame":38,"values":[1,0,0.0004,0,0,0.9995,0.0306,0,-0.0004,-0.0306,0.9995,0,0,2.9448,0,1]},
{"frame":39,"values":[1,0,0.0004,0,0,0.9993,0.0361,0,-0.0004,-0.0361,0.9993,0,0,2.9448,0,1]},
{"frame":40,"values":[1,0,0.0004,0,0,0.9991,0.0416,0,-0.0004,-0.0416,0.9991,0,0,2.9448,0,1]},
{"frame":41,"values":[1,0,0.0004,0,0,0.9989,0.047,0,-0.0004,-0.047,0.9989,0,0,2.9448,0,1]},
{"frame":42,"values":[1,0,0.0004,0,0,0.9986,0.0525,0,-0.0004,-0.0525,0.9986,0,0,2.9448,0,1]},
{"frame":43,"values":[1,0,0.0004,0,0,0.9983,0.058,0,-0.0004,-0.058,0.9983,0,0,2.9448,0,1]},
{"frame":44,"values":[1,0,0.0004,0,0,0.998,0.0634,0,-0.0004,-0.0634,0.998,0,0,2.9448,0,1]},
{"frame":45,"values":[1,0,0.0004,0,0,0.9976,0.0689,0,-0.0004,-0.0689,0.9976,0,0,2.9448,0,1]},
{"frame":46,"values":[1,0,0.0004,0,0,0.9972,0.0744,0,-0.0004,-0.0744,0.9972,0,0,2.9448,0,1]},
{"frame":47,"values":[1,0,0.0004,0,0,0.9968,0.0798,0,-0.0004,-0.0798,0.9968,0,0,2.9448,0,1]},
{"frame":48,"values":[1,0,0.0004,0,0,0.9964,0.0853,0,-0.0004,-0.0853,0.9964,0,0,2.9448,0,1]}],"loopBehavior":1,"name":"anim","property":"_matrix"}},
{"name":"Spine03","index":2,"matrix":[1,0,0,0,0,0.9993,0.0377,0,0,-0.0377,0.9993,0,0,2.4606,0,1],"rest":[1,0,0,0,0,0.9993,0.0377,0,0,-0.0377,0.9993,0,0,2.4606,0,1],"parentBoneIndex":1,"length":3.964
,"animation":{"dataType":3,"framePerSecond":24,"keys":[
{"frame":0,"values":[1,0,0,0,0,0.9993,0.0377,0,0,-0.0377,0.9993,0,0,2.4606,0,1]},
{"frame":2,"values":[1,0,0,0,0,0.999,0.0438,0,0,-0.0438,0.999,0,0,2.4606,0,1]},
{"frame":3,"values":[1,0,0,0,0,0.9988,0.0499,0,0,-0.0499,0.9988,0,0,2.4606,0,1]},
{"frame":4,"values":[1,0,0,0,0,0.9984,0.056,0,0,-0.056,0.9984,0,0,2.4606,0,1]},
{"frame":5,"values":[1,0,0,0,0,0.9981,0.0621,0,0,-0.0621,0.9981,0,0,2.4606,0,1]},
{"frame":6,"values":[1,0,0,0,0,0.9977,0.0682,0,0,-0.0682,0.9977,0,0,2.4606,0,1]},
{"frame":7,"values":[1,0,0,0,0,0.9972,0.0743,0,0,-0.0743,0.9972,0,0,2.4606,0,1]},
{"frame":8,"values":[1,0,0,0,0,0.9968,0.0797,0,0,-0.0797,0.9968,0,0,2.4606,0,1]},
{"frame":9,"values":[1,0,0,0,0,0.9964,0.0851,0,0,-0.0851,0.9964,0,0,2.4606,0,1]},
{"frame":10,"values":[1,0,0,0,0,0.9959,0.0905,0,0,-0.0905,0.9959,0,0,2.4606,0,1]},
{"frame":11,"values":[1,0,0,0,0,0.9954,0.0959,0,0,-0.0959,0.9954,0,0,2.4606,0,1]},
{"frame":12,"values":[1,0,0,0,0,0.9949,0.1013,0,0,-0.1013,0.9949,0,0,2.4606,0,1]},
{"frame":13,"values":[1,0,0,0,0,0.9954,0.096,0,0,-0.096,0.9954,0,0,2.4606,0,1]},
{"frame":14,"values":[1,0,0,0,0,0.9959,0.0908,0,0,-0.0908,0.9959,0,0,2.4606,0,1]},
{"frame":15,"values":[1,0,0,0,0,0.9963,0.0855,0,0,-0.0855,0.9963,0,0,2.4606,0,1]},
{"frame":16,"values":[1,0,0,0,0,0.9968,0.0802,0,0,-0.0802,0.9968,0,0,2.4606,0,1]},
{"frame":17,"values":[1,0,0,0,0,0.9972,0.0749,0,0,-0.0749,0.9972,0,0,2.4606,0,1]},
{"frame":18,"values":[1,0,0,0,0,0.9976,0.0696,0,0,-0.0696,0.9976,0,0,2.4606,0,1]},
{"frame":19,"values":[1,0,0,0,0,0.9979,0.0642,0,0,-0.0642,0.9979,0,0,2.4606,0,1]},
{"frame":20,"values":[1,0,0,0,0,0.9983,0.0589,0,0,-0.0589,0.9983,0,0,2.4606,0,1]},
{"frame":21,"values":[1,0,0,0,0,0.9986,0.0536,0,0,-0.0536,0.9986,0,0,2.4606,0,1]},
{"frame":22,"values":[1,0,0,0,0,0.9988,0.0483,0,0,-0.0483,0.9988,0,0,2.4606,0,1]},
{"frame":23,"values":[1,0,0,0,0,0.9991,0.043,0,0,-0.043,0.9991,0,0,2.4606,0,1]},
{"frame":24,"values":[1,0,0,0,0,0.9993,0.0377,0,0,-0.0377,0.9993,0,0,2.4606,0,1]},
{"frame":25,"values":[1,0,0,0,0,0.9991,0.043,0,0,-0.043,0.9991,0,0,2.4606,0,1]},
{"frame":26,"values":[1,0,0,0,0,0.9988,0.0483,0,0,-0.0483,0.9988,0,0,2.4606,0,1]},
{"frame":27,"values":[1,0,0,0,0,0.9986,0.0536,0,0,-0.0536,0.9986,0,0,2.4606,0,1]},
{"frame":28,"values":[1,0,0,0,0,0.9983,0.0589,0,0,-0.0589,0.9983,0,0,2.4606,0,1]},
{"frame":29,"values":[1,0,0,0,0,0.9979,0.0642,0,0,-0.0642,0.9979,0,0,2.4606,0,1]},
{"frame":30,"values":[1,0,0,0,0,0.9976,0.0696,0,0,-0.0696,0.9976,0,0,2.4606,0,1]},
{"frame":31,"values":[1,0,0,0,0,0.9972,0.0749,0,0,-0.0749,0.9972,0,0,2.4606,0,1]},
{"frame":32,"values":[1,0,0,0,0,0.9968,0.0802,0,0,-0.0802,0.9968,0,0,2.4606,0,1]},
{"frame":33,"values":[1,0,0,0,0,0.9963,0.0855,0,0,-0.0855,0.9963,0,0,2.4606,0,1]},
{"frame":34,"values":[1,0,0,0,0,0.9959,0.0908,0,0,-0.0908,0.9959,0,0,2.4606,0,1]},
{"frame":35,"values":[1,0,0,0,0,0.9954,0.096,0,0,-0.096,0.9954,0,0,2.4606,0,1]},
{"frame":36,"values":[1,0,0,0,0,0.9949,0.1013,0,0,-0.1013,0.9949,0,0,2.4606,0,1]},
{"frame":37,"values":[1,0,0,0,0,0.9954,0.096,0,0,-0.096,0.9954,0,0,2.4606,0,1]},
{"frame":38,"values":[1,0,0,0,0,0.9959,0.0908,0,0,-0.0908,0.9959,0,0,2.4606,0,1]},
{"frame":39,"values":[1,0,0,0,0,0.9963,0.0855,0,0,-0.0855,0.9963,0,0,2.4606,0,1]},
{"frame":40,"values":[1,0,0,0,0,0.9968,0.0802,0,0,-0.0802,0.9968,0,0,2.4606,0,1]},
{"frame":41,"values":[1,0,0,0,0,0.9972,0.0749,0,0,-0.0749,0.9972,0,0,2.4606,0,1]},
{"frame":42,"values":[1,0,0,0,0,0.9976,0.0696,0,0,-0.0696,0.9976,0,0,2.4606,0,1]},
{"frame":43,"values":[1,0,0,0,0,0.9979,0.0642,0,0,-0.0642,0.9979,0,0,2.4606,0,1]},
{"frame":44,"values":[1,0,0,0,0,0.9983,0.0589,0,0,-0.0589,0.9983,0,0,2.4606,0,1]},
{"frame":45,"values":[1,0,0,0,0,0.9986,0.0536,0,0,-0.0536,0.9986,0,0,2.4606,0,1]},
{"frame":46,"values":[1,0,0,0,0,0.9988,0.0483,0,0,-0.0483,0.9988,0,0,2.4606,0,1]},
{"frame":47,"values":[1,0,0,0,0,0.9991,0.043,0,0,-0.043,0.9991,0,0,2.4606,0,1]},
{"frame":48,"values":[1,0,0,0,0,0.9993,0.0377,0,0,-0.0377,0.9993,0,0,2.4606,0,1]}],"loopBehavior":1,"name":"anim","property":"_matrix"}},
{"name":"Neck01","index":3,"matrix":[1,0,0,0,0,0.9978,0.0662,0,0,-0.0662,0.9978,0,0,3.964,0,1],"rest":[1,0,0,0,0,0.9978,0.0662,0,0,-0.0662,0.9978,0,0,3.964,0,1],"parentBoneIndex":2,"length":0.9809
,"animation":{"dataType":3,"framePerSecond":24,"keys":[
{"frame":0,"values":[1,0,0,0,0,0.9978,0.0662,0,0,-0.0662,0.9978,0,0,3.964,0,1]},
{"frame":2,"values":[1,0.0048,0.0002,0,-0.0048,0.9972,0.075,0,0.0002,-0.075,0.9972,0,0,3.964,0,1]},
{"frame":3,"values":[1,0.0096,0.0004,0,-0.0096,0.9964,0.0838,0,0.0004,-0.0838,0.9965,0,0,3.964,0,1]},
{"frame":4,"values":[0.9999,0.0144,0.0007,0,-0.0144,0.9956,0.0926,0,0.0007,-0.0926,0.9957,0,0,3.964,0,1]},
{"frame":5,"values":[0.9998,0.0193,0.001,0,-0.0193,0.9947,0.1014,0,0.001,-0.1014,0.9948,0,0,3.964,0,1]},
{"frame":6,"values":[0.9997,0.0241,0.0013,0,-0.0241,0.9936,0.1102,0,0.0013,-0.1102,0.9939,0,0,3.964,0,1]},
{"frame":7,"values":[0.9996,0.0289,0.0017,0,-0.0289,0.9925,0.119,0,0.0017,-0.119,0.9929,0,0,3.964,0,1]},
{"frame":8,"values":[0.9994,0.0331,0.0021,0,-0.0331,0.9906,0.1327,0,0.0023,-0.1327,0.9911,0,0,3.964,0,1]},
{"frame":9,"values":[0.9993,0.0374,0.0025,0,-0.0373,0.9885,0.1465,0,0.003,-0.1465,0.9892,0,0,3.964,0,1]},
{"frame":10,"values":[0.9991,0.0416,0.003,0,-0.0416,0.9862,0.1602,0,0.0037,-0.1602,0.9871,0,0,3.964,0,1]},
{"frame":11,"values":[0.9989,0.0459,0.0036,0,-0.0458,0.9837,0.1739,0,0.0045,-0.1739,0.9848,0,0,3.964,0,1]},
{"frame":12,"values":[0.9987,0.0501,0.0042,0,-0.05,0.981,0.1876,0,0.0053,-0.1875,0.9822,0,0,3.964,0,1]},
{"frame":13,"values":[0.9989,0.046,0.0029,0,-0.0459,0.9866,0.1567,0,0.0043,-0.1567,0.9876,0,0,3.964,0,1]},
{"frame":14,"values":[0.9991,0.0419,0.0018,0,-0.0418,0.9912,0.1257,0,0.0035,-0.1257,0.9921,0,0,3.964,0,1]},
{"frame":15,"values":[0.9993,0.0378,0.0008,0,-0.0377,0.9948,0.0945,0,0.0028,-0.0945,0.9955,0,0,3.964,0,1]},
{"frame":16,"values":[0.9994,0.0336,0,0,-0.0335,0.9974,0.0633,0,0.0022,-0.0632,0.998,0,0,3.964,0,1]},
{"frame":17,"values":[0.9996,0.0294,-0.0008,0,-0.0293,0.9991,0.032,0,0.0017,-0.0319,0.9995,0,0,3.964,0,1]},
{"frame":18,"values":[0.9997,0.0251,-0.0014,0,-0.0251,0.9997,0.0006,0,0.0014,-0.0006,1,0,0,3.964,0,1]},
{"frame":19,"values":[0.9998,0.021,-0.001,0,-0.0209,0.9997,0.0116,0,0.0013,-0.0115,0.9999,0,0,3.964,0,1]},
{"frame":20,"values":[0.9999,0.0168,-0.0007,0,-0.0168,0.9996,0.0225,0,0.0011,-0.0225,0.9997,0,0,3.964,0,1]},
{"frame":21,"values":[0.9999,0.0126,-0.0005,0,-0.0126,0.9994,0.0334,0,0.0009,-0.0334,0.9994,0,0,3.964,0,1]},
{"frame":22,"values":[1,0.0084,-0.0003,0,-0.0084,0.999,0.0444,0,0.0006,-0.0444,0.999,0,0,3.964,0,1]},
{"frame":23,"values":[1,0.0042,-0.0001,0,-0.0042,0.9985,0.0553,0,0.0003,-0.0553,0.9985,0,0,3.964,0,1]},
{"frame":24,"values":[1,0,0,0,0,0.9978,0.0662,0,0,-0.0662,0.9978,0,0,3.964,0,1]},
{"frame":25,"values":[1,-0.0048,-0.0002,0,0.0048,0.9972,0.075,0,-0.0002,-0.075,0.9972,0,0,3.964,0,1]},
{"frame":26,"values":[1,-0.0096,-0.0004,0,0.0096,0.9964,0.0838,0,-0.0004,-0.0838,0.9965,0,0,3.964,0,1]},
{"frame":27,"values":[0.9999,-0.0144,-0.0007,0,0.0144,0.9956,0.0926,0,-0.0007,-0.0926,0.9957,0,0,3.964,0,1]},
{"frame":28,"values":[0.9998,-0.0193,-0.001,0,0.0193,0.9947,0.1014,0,-0.001,-0.1014,0.9948,0,0,3.964,0,1]},
{"frame":29,"values":[0.9997,-0.0241,-0.0013,0,0.0241,0.9936,0.1102,0,-0.0013,-0.1102,0.9939,0,0,3.964,0,1]},
{"frame":30,"values":[0.9996,-0.0289,-0.0017,0,0.0289,0.9925,0.119,0,-0.0017,-0.119,0.9929,0,0,3.964,0,1]},
{"frame":31,"values":[0.9995,-0.0324,-0.002,0,0.0324,0.9909,0.1305,0,-0.0022,-0.1304,0.9915,0,0,3.964,0,1]},
{"frame":32,"values":[0.9994,-0.036,-0.0024,0,0.0359,0.9892,0.1419,0,-0.0028,-0.1419,0.9899,0,0,3.964,0,1]},
{"frame":33,"values":[0.9992,-0.0395,-0.0028,0,0.0395,0.9874,0.1534,0,-0.0033,-0.1534,0.9882,0,0,3.964,0,1]},
{"frame":34,"values":[0.9991,-0.043,-0.0032,0,0.043,0.9854,0.1648,0,-0.0039,-0.1648,0.9863,0,0,3.964,0,1]},
{"frame":35,"values":[0.9989,-0.0466,-0.0037,0,0.0465,0.9833,0.1762,0,-0.0046,-0.1762,0.9843,0,0,3.964,0,1]},
{"frame":36,"values":[0.9987,-0.0501,-0.0042,0,0.05,0.981,0.1876,0,-0.0053,-0.1875,0.9822,0,0,3.964,0,1]},
{"frame":37,"values":[0.9989,-0.046,-0.0029,0,0.0459,0.9866,0.1567,0,-0.0043,-0.1567,0.9876,0,0,3.964,0,1]},
{"frame":38,"values":[0.9991,-0.0419,-0.0018,0,0.0418,0.9912,0.1257,0,-0.0035,-0.1257,0.9921,0,0,3.964,0,1]},
{"frame":39,"values":[0.9993,-0.0378,-0.0008,0,0.0377,0.9948,0.0945,0,-0.0027,-0.0945,0.9955,0,0,3.964,0,1]},
{"frame":40,"values":[0.9994,-0.0336,0,0,0.0335,0.9974,0.0633,0,-0.0021,-0.0632,0.998,0,0,3.964,0,1]},
{"frame":41,"values":[0.9996,-0.0294,0.0007,0,0.0293,0.9991,0.032,0,-0.0017,-0.0319,0.9995,0,0,3.964,0,1]},
{"frame":42,"values":[0.9997,-0.0251,0.0013,0,0.0251,0.9997,0.0006,0,-0.0013,-0.0006,1,0,0,3.964,0,1]},
{"frame":43,"values":[0.9998,-0.021,0.001,0,0.0209,0.9997,0.0116,0,-0.0012,-0.0115,0.9999,0,0,3.964,0,1]},
{"frame":44,"values":[0.9999,-0.0168,0.0007,0,0.0168,0.9996,0.0225,0,-0.0011,-0.0225,0.9997,0,0,3.964,0,1]},
{"frame":45,"values":[0.9999,-0.0126,0.0005,0,0.0126,0.9994,0.0334,0,-0.0009,-0.0334,0.9994,0,0,3.964,0,1]},
{"frame":46,"values":[1,-0.0084,0.0003,0,0.0084,0.999,0.0444,0,-0.0006,-0.0444,0.999,0,0,3.964,0,1]},
{"frame":47,"values":[1,-0.0042,0.0001,0,0.0042,0.9985,0.0553,0,-0.0003,-0.0553,0.9985,0,0,3.964,0,1]},
{"frame":48,"values":[1,0,0,0,0,0.9978,0.0662,0,0,-0.0662,0.9978,0,0,3.964,0,1]}],"loopBehavior":1,"name":"anim","property":"_matrix"}},
{"name":"Neck02","index":4,"matrix":[1,0,0,0,0,0.9824,0.1868,0,0,-0.1868,0.9824,0,0,0.9809,0,1],"rest":[1,0,0,0,0,0.9824,0.1868,0,0,-0.1868,0.9824,0,0,0.9809,0,1],"parentBoneIndex":3,"length":0.9865
,"animation":{"dataType":3,"framePerSecond":24,"keys":[
{"frame":0,"values":[1,0,0,0,0,0.9824,0.1868,0,0,-0.1868,0.9824,0,0,0.9809,0,1]},
{"frame":2,"values":[1,0.0053,0,0,-0.0052,0.982,0.1888,0,0.001,-0.1888,0.982,0,0,0.9809,0,1]},
{"frame":3,"values":[0.9999,0.0107,0,0,-0.0105,0.9816,0.1908,0,0.002,-0.1908,0.9816,0,0,0.9809,0,1]},
{"frame":4,"values":[0.9999,0.016,0,0,-0.0157,0.9811,0.1928,0,0.0031,-0.1927,0.9812,0,0,0.9809,0,1]},
{"frame":5,"values":[0.9998,0.0213,0,0,-0.0209,0.9806,0.1948,0,0.0041,-0.1947,0.9808,0,0,0.9809,0,1]},
{"frame":6,"values":[0.9996,0.0267,0.0001,0,-0.0261,0.9801,0.1968,0,0.0052,-0.1967,0.9804,0,0,0.9809,0,1]},
{"frame":7,"values":[0.9995,0.032,0.0001,0,-0.0314,0.9795,0.1988,0,0.0062,-0.1987,0.98,0,0,0.9809,0,1]},
{"frame":8,"values":[0.9993,0.0365,-0.0022,0,-0.0355,0.9822,0.1844,0,0.0089,-0.1842,0.9829,0,0,0.9809,0,1]},
{"frame":9,"values":[0.9991,0.041,-0.0046,0,-0.0396,0.9847,0.17,0,0.0115,-0.1697,0.9854,0,0,0.9809,0,1]},
{"frame":10,"values":[0.9989,0.0455,-0.0071,0,-0.0438,0.9869,0.1555,0,0.0141,-0.1551,0.9878,0,0,0.9809,0,1]},
{"frame":11,"values":[0.9987,0.0499,-0.0097,0,-0.048,0.9888,0.1411,0,0.0166,-0.1404,0.99,0,0,0.9809,0,1]},
{"frame":12,"values":[0.9985,0.0543,-0.0123,0,-0.0523,0.9906,0.1266,0,0.019,-0.1258,0.9919,0,0,0.9809,0,1]},
{"frame":13,"values":[0.9987,0.0499,-0.0109,0,-0.0481,0.9908,0.1263,0,0.0171,-0.1256,0.9919,0,0,0.9809,0,1]},
{"frame":14,"values":[0.9989,0.0454,-0.0095,0,-0.0439,0.9911,0.1259,0,0.0152,-0.1254,0.992,0,0,0.9809,0,1]},
{"frame":15,"values":[0.9991,0.041,-0.0082,0,-0.0396,0.9913,0.1256,0,0.0133,-0.1252,0.992,0,0,0.9809,0,1]},
{"frame":16,"values":[0.9993,0.0366,-0.0068,0,-0.0354,0.9915,0.1253,0,0.0113,-0.1249,0.9921,0,0,0.9809,0,1]},
{"frame":17,"values":[0.9995,0.0321,-0.0054,0,-0.0312,0.9917,0.1249,0,0.0094,-0.1247,0.9921,0,0,0.9809,0,1]},
{"frame":18,"values":[0.9996,0.0277,-0.0041,0,-0.027,0.9918,0.1246,0,0.0075,-0.1245,0.9922,0,0,0.9809,0,1]},
{"frame":19,"values":[0.9997,0.0231,-0.0033,0,-0.0225,0.9906,0.135,0,0.0064,-0.1349,0.9908,0,0,0.9809,0,1]},
{"frame":20,"values":[0.9998,0.0185,-0.0025,0,-0.0179,0.9892,0.1454,0,0.0052,-0.1453,0.9894,0,0,0.9809,0,1]},
{"frame":21,"values":[0.9999,0.0139,-0.0018,0,-0.0134,0.9877,0.1558,0,0.004,-0.1557,0.9878,0,0,0.9809,0,1]},
{"frame":22,"values":[1,0.0093,-0.0012,0,-0.0089,0.9861,0.1661,0,0.0027,-0.1661,0.9861,0,0,0.9809,0,1]},
{"frame":23,"values":[1,0.0046,-0.0006,0,-0.0045,0.9843,0.1764,0,0.0014,-0.1764,0.9843,0,0,0.9809,0,1]},
{"frame":24,"values":[1,0,0,0,0,0.9824,0.1868,0,0,-0.1868,0.9824,0,0,0.9809,0,1]},
{"frame":25,"values":[1,-0.0053,0,0,0.0052,0.982,0.1888,0,-0.001,-0.1888,0.982,0,0,0.9809,0,1]},
{"frame":26,"values":[0.9999,-0.0107,0,0,0.0105,0.9816,0.1908,0,-0.002,-0.1908,0.9816,0,0,0.9809,0,1]},
{"frame":27,"values":[0.9999,-0.016,0,0,0.0157,0.9811,0.1928,0,-0.0031,-0.1927,0.9812,0,0,0.9809,0,1]},
{"frame":28,"values":[0.9998,-0.0213,0,0,0.0209,0.9806,0.1948,0,-0.0041,-0.1947,0.9808,0,0,0.9809,0,1]},
{"frame":29,"values":[0.9996,-0.0267,-0.0001,0,0.0261,0.9801,0.1968,0,-0.0052,-0.1967,0.9804,0,0,0.9809,0,1]},
{"frame":30,"values":[0.9995,-0.032,-0.0001,0,0.0314,0.9795,0.1988,0,-0.0062,-0.1987,0.98,0,0,0.9809,0,1]},
{"frame":31,"values":[0.9994,-0.0358,0.0018,0,0.0348,0.9818,0.1868,0,-0.0085,-0.1866,0.9824,0,0,0.9809,0,1]},
{"frame":32,"values":[0.9992,-0.0395,0.0038,0,0.0382,0.9839,0.1748,0,-0.0107,-0.1745,0.9846,0,0,0.9809,0,1]},
{"frame":33,"values":[0.999,-0.0432,0.0059,0,0.0417,0.9858,0.1628,0,-0.0128,-0.1624,0.9866,0,0,0.9809,0,1]},
{"frame":34,"values":[0.9989,-0.047,0.008,0,0.0452,0.9875,0.1507,0,-0.0149,-0.1502,0.9885,0,0,0.9809,0,1]},
{"frame":35,"values":[0.9987,-0.0506,0.0101,0,0.0487,0.9891,0.1387,0,-0.017,-0.138,0.9903,0,0,0.9809,0,1]},
{"frame":36,"values":[0.9985,-0.0543,0.0123,0,0.0523,0.9906,0.1266,0,-0.019,-0.1258,0.9919,0,0,0.9809,0,1]},
{"frame":37,"values":[0.9987,-0.0498,0.0109,0,0.0481,0.9908,0.1263,0,-0.0171,-0.1256,0.9919,0,0,0.9809,0,1]},
{"frame":38,"values":[0.9989,-0.0454,0.0096,0,0.0439,0.9911,0.1259,0,-0.0152,-0.1254,0.992,0,0,0.9809,0,1]},
{"frame":39,"values":[0.9991,-0.041,0.0082,0,0.0396,0.9913,0.1256,0,-0.0133,-0.1252,0.992,0,0,0.9809,0,1]},
{"frame":40,"values":[0.9993,-0.0366,0.0068,0,0.0354,0.9915,0.1253,0,-0.0113,-0.1249,0.9921,0,0,0.9809,0,1]},
{"frame":41,"values":[0.9995,-0.0321,0.0054,0,0.0312,0.9917,0.1249,0,-0.0094,-0.1247,0.9921,0,0,0.9809,0,1]},
{"frame":42,"values":[0.9996,-0.0277,0.0041,0,0.027,0.9918,0.1246,0,-0.0075,-0.1245,0.9922,0,0,0.9809,0,1]},
{"frame":43,"values":[0.9997,-0.0231,0.0033,0,0.0225,0.9906,0.135,0,-0.0064,-0.1349,0.9908,0,0,0.9809,0,1]},
{"frame":44,"values":[0.9998,-0.0185,0.0025,0,0.0179,0.9892,0.1454,0,-0.0052,-0.1453,0.9894,0,0,0.9809,0,1]},
{"frame":45,"values":[0.9999,-0.0139,0.0018,0,0.0134,0.9877,0.1558,0,-0.004,-0.1557,0.9878,0,0,0.9809,0,1]},
{"frame":46,"values":[1,-0.0093,0.0012,0,0.0089,0.9861,0.1661,0,-0.0027,-0.1661,0.9861,0,0,0.9809,0,1]},
{"frame":47,"values":[1,-0.0046,0.0006,0,0.0045,0.9843,0.1764,0,-0.0014,-0.1764,0.9843,0,0,0.9809,0,1]},
{"frame":48,"values":[1,0,0,0,0,0.9824,0.1868,0,0,-0.1868,0.9824,0,0,0.9809,0,1]}],"loopBehavior":1,"name":"anim","property":"_matrix"}},
{"name":"Neck03","index":5,"matrix":[1,0,0,0,0,0.9873,0.1589,0,0,-0.1589,0.9873,0,0,0.9865,0,1],"rest":[1,0,0,0,0,0.9873,0.1589,0,0,-0.1589,0.9873,0,0,0.9865,0,1],"parentBoneIndex":4,"length":0.7419
,"animation":{"dataType":3,"framePerSecond":24,"keys":[
{"frame":0,"values":[1,0,0,0,0,0.9873,0.1589,0,0,-0.1589,0.9873,0,0,0.9865,0,1]},
{"frame":2,"values":[1,0.0045,-0.002,0,-0.0042,0.9887,0.1497,0,0.0027,-0.1497,0.9887,0,0,0.9865,0,1]},
{"frame":3,"values":[1,0.0091,-0.0041,0,-0.0084,0.99,0.1405,0,0.0054,-0.1405,0.9901,0,0,0.9865,0,1]},
{"frame":4,"values":[0.9999,0.0136,-0.0062,0,-0.0127,0.9913,0.1313,0,0.008,-0.1312,0.9913,0,0,0.9865,0,1]},
{"frame":5,"values":[0.9998,0.0181,-0.0084,0,-0.0169,0.9924,0.1222,0,0.0106,-0.122,0.9925,0,0,0.9865,0,1]},
{"frame":6,"values":[0.9997,0.0226,-0.0106,0,-0.0212,0.9934,0.113,0,0.0131,-0.1127,0.9935,0,0,0.9865,0,1]},
{"frame":7,"values":[0.9996,0.027,-0.0129,0,-0.0255,0.9943,0.1038,0,0.0156,-0.1034,0.9945,0,0,0.9865,0,1]},
{"frame":8,"values":[0.9994,0.0301,-0.0171,0,-0.0284,0.9957,0.0886,0,0.0197,-0.0881,0.9959,0,0,0.9865,0,1]},
{"frame":9,"values":[0.9992,0.0331,-0.0213,0,-0.0314,0.9968,0.0735,0,0.0237,-0.0728,0.9971,0,0,0.9865,0,1]},
{"frame":10,"values":[0.999,0.036,-0.0256,0,-0.0345,0.9977,0.0584,0,0.0276,-0.0574,0.998,0,0,0.9865,0,1]},
{"frame":11,"values":[0.9988,0.0389,-0.0299,0,-0.0376,0.9984,0.0432,0,0.0316,-0.042,0.9986,0,0,0.9865,0,1]},
{"frame":12,"values":[0.9985,0.0417,-0.0343,0,-0.0407,0.9988,0.0281,0,0.0354,-0.0266,0.999,0,0,0.9865,0,1]},
{"frame":13,"values":[0.9988,0.0386,-0.0307,0,-0.0375,0.9986,0.0366,0,0.0321,-0.0354,0.9989,0,0,0.9865,0,1]},
{"frame":14,"values":[0.999,0.0356,-0.0271,0,-0.0343,0.9984,0.0452,0,0.0287,-0.0442,0.9986,0,0,0.9865,0,1]},
{"frame":15,"values":[0.9992,0.0325,-0.0235,0,-0.0312,0.9981,0.0537,0,0.0252,-0.053,0.9983,0,0,0.9865,0,1]},
{"frame":16,"values":[0.9994,0.0293,-0.02,0,-0.028,0.9977,0.0623,0,0.0218,-0.0617,0.9979,0,0,0.9865,0,1]},
{"frame":17,"values":[0.9995,0.0261,-0.0165,0,-0.0249,0.9972,0.0709,0,0.0183,-0.0704,0.9973,0,0,0.9865,0,1]},
{"frame":18,"values":[0.9997,0.0229,-0.013,0,-0.0218,0.9966,0.0795,0,0.0148,-0.0792,0.9968,0,0,0.9865,0,1]},
{"frame":19,"values":[0.9998,0.0192,-0.0107,0,-0.0181,0.9955,0.0927,0,0.0124,-0.0925,0.9956,0,0,0.9865,0,1]},
{"frame":20,"values":[0.9998,0.0154,-0.0084,0,-0.0144,0.9943,0.106,0,0.01,-0.1059,0.9943,0,0,0.9865,0,1]},
{"frame":21,"values":[0.9999,0.0116,-0.0063,0,-0.0108,0.9928,0.1192,0,0.0076,-0.1192,0.9928,0,0,0.9865,0,1]},
{"frame":22,"values":[1,0.0078,-0.0041,0,-0.0072,0.9912,0.1325,0,0.0051,-0.1324,0.9912,0,0,0.9865,0,1]},
{"frame":23,"values":[1,0.0039,-0.002,0,-0.0036,0.9893,0.1457,0,0.0026,-0.1457,0.9893,0,0,0.9865,0,1]},
{"frame":24,"values":[1,0,0,0,0,0.9873,0.1589,0,0,-0.1589,0.9873,0,0,0.9865,0,1]},
{"frame":25,"values":[1,-0.0045,0.002,0,0.0042,0.9887,0.1497,0,-0.0027,-0.1497,0.9887,0,0,0.9865,0,1]},
{"frame":26,"values":[1,-0.0091,0.0041,0,0.0084,0.99,0.1405,0,-0.0054,-0.1405,0.9901,0,0,0.9865,0,1]},
{"frame":27,"values":[0.9999,-0.0136,0.0063,0,0.0126,0.9913,0.1313,0,-0.008,-0.1312,0.9913,0,0,0.9865,0,1]},
{"frame":28,"values":[0.9998,-0.0181,0.0084,0,0.0169,0.9924,0.1222,0,-0.0106,-0.122,0.9925,0,0,0.9865,0,1]},
{"frame":29,"values":[0.9997,-0.0225,0.0106,0,0.0212,0.9934,0.113,0,-0.0131,-0.1127,0.9935,0,0,0.9865,0,1]},
{"frame":30,"values":[0.9996,-0.027,0.0129,0,0.0255,0.9943,0.1038,0,-0.0156,-0.1034,0.9945,0,0,0.9865,0,1]},
{"frame":31,"values":[0.9994,-0.0296,0.0164,0,0.0279,0.9954,0.0912,0,-0.019,-0.0907,0.9957,0,0,0.9865,0,1]},
{"frame":32,"values":[0.9993,-0.0321,0.0199,0,0.0304,0.9964,0.0786,0,-0.0224,-0.0779,0.9967,0,0,0.9865,0,1]},
{"frame":33,"values":[0.9991,-0.0345,0.0235,0,0.0329,0.9973,0.0659,0,-0.0257,-0.0651,0.9975,0,0,0.9865,0,1]},
{"frame":34,"values":[0.9989,-0.037,0.0271,0,0.0355,0.9979,0.0533,0,-0.029,-0.0523,0.9982,0,0,0.9865,0,1]},
{"frame":35,"values":[0.9988,-0.0394,0.0307,0,0.0381,0.9984,0.0407,0,-0.0322,-0.0395,0.9987,0,0,0.9865,0,1]},
{"frame":36,"values":[0.9985,-0.0417,0.0343,0,0.0407,0.9988,0.0281,0,-0.0355,-0.0266,0.999,0,0,0.9865,0,1]},
{"frame":37,"values":[0.9988,-0.0386,0.0307,0,0.0375,0.9986,0.0366,0,-0.0321,-0.0354,0.9989,0,0,0.9865,0,1]},
{"frame":38,"values":[0.999,-0.0356,0.0271,0,0.0343,0.9984,0.0452,0,-0.0287,-0.0442,0.9986,0,0,0.9865,0,1]},
{"frame":39,"values":[0.9992,-0.0325,0.0235,0,0.0312,0.9981,0.0537,0,-0.0252,-0.053,0.9983,0,0,0.9865,0,1]},
{"frame":40,"values":[0.9994,-0.0293,0.02,0,0.028,0.9977,0.0623,0,-0.0218,-0.0617,0.9979,0,0,0.9865,0,1]},
{"frame":41,"values":[0.9995,-0.0261,0.0165,0,0.0249,0.9972,0.0709,0,-0.0183,-0.0704,0.9973,0,0,0.9865,0,1]},
{"frame":42,"values":[0.9997,-0.0229,0.013,0,0.0218,0.9966,0.0795,0,-0.0148,-0.0792,0.9968,0,0,0.9865,0,1]},
{"frame":43,"values":[0.9998,-0.0192,0.0107,0,0.0181,0.9955,0.0927,0,-0.0124,-0.0925,0.9956,0,0,0.9865,0,1]},
{"frame":44,"values":[0.9998,-0.0154,0.0085,0,0.0144,0.9943,0.106,0,-0.01,-0.1059,0.9943,0,0,0.9865,0,1]},
{"frame":45,"values":[0.9999,-0.0116,0.0063,0,0.0108,0.9928,0.1192,0,-0.0076,-0.1192,0.9928,0,0,0.9865,0,1]},
{"frame":46,"values":[1,-0.0078,0.0041,0,0.0071,0.9912,0.1325,0,-0.0051,-0.1324,0.9912,0,0,0.9865,0,1]},
{"frame":47,"values":[1,-0.0039,0.002,0,0.0036,0.9893,0.1457,0,-0.0026,-0.1457,0.9893,0,0,0.9865,0,1]},
{"frame":48,"values":[1,0,0,0,0,0.9873,0.1589,0,0,-0.1589,0.9873,0,0,0.9865,0,1]}],"loopBehavior":1,"name":"anim","property":"_matrix"}},
{"name":"Neck04","index":6,"matrix":[1,0,0,0,0,0.5645,-0.8255,0,0,0.8255,0.5645,0,0,0.7419,0,1],"rest":[1,0,0,0,0,0.5645,-0.8255,0,0,0.8255,0.5645,0,0,0.7419,0,1],"parentBoneIndex":5,"length":0.7784
,"animation":{"dataType":3,"framePerSecond":24,"keys":[
{"frame":0,"values":[1,0,0,0,0,0.5645,-0.8255,0,0,0.8255,0.5645,0,0,0.7419,0,1]},
{"frame":2,"values":[0.9999,0.0154,-0.0046,0,-0.0127,0.5864,-0.8099,0,-0.0098,0.8099,0.5865,0,0,0.7419,0,1]},
{"frame":3,"values":[0.9995,0.0309,-0.0087,0,-0.0257,0.6077,-0.7938,0,-0.0192,0.7936,0.6082,0,0,0.7419,0,1]},
{"frame":4,"values":[0.9988,0.0465,-0.0125,0,-0.0389,0.6284,-0.7769,0,-0.0283,0.7765,0.6294,0,0,0.7419,0,1]},
{"frame":5,"values":[0.9979,0.0622,-0.0158,0,-0.0524,0.6484,-0.7595,0,-0.037,0.7588,0.6503,0,0,0.7419,0,1]},
{"frame":6,"values":[0.9968,0.0779,-0.0186,0,-0.0661,0.6677,-0.7415,0,-0.0453,0.7404,0.6707,0,0,0.7419,0,1]},
{"frame":7,"values":[0.9954,0.0937,-0.0211,0,-0.0799,0.6863,-0.7229,0,-0.0533,0.7213,0.6906,0,0,0.7419,0,1]},
{"frame":8,"values":[0.9935,0.113,-0.0094,0,-0.0901,0.736,-0.671,0,-0.0689,0.6675,0.7414,0,0,0.7419,0,1]},
{"frame":9,"values":[0.9913,0.1315,0.0037,0,-0.1014,0.7817,-0.6154,0,-0.0839,0.6097,0.7882,0,0,0.7419,0,1]},
{"frame":10,"values":[0.9887,0.1489,0.0182,0,-0.1137,0.823,-0.5565,0,-0.0979,0.5481,0.8306,0,0,0.7419,0,1]},
{"frame":11,"values":[0.9857,0.1651,0.0339,0,-0.127,0.8596,-0.4949,0,-0.1109,0.4835,0.8683,0,0,0.7419,0,1]},
{"frame":12,"values":[0.9824,0.18,0.0506,0,-0.1411,0.8912,-0.4311,0,-0.1227,0.4164,0.9009,0,0,0.7419,0,1]},
{"frame":13,"values":[0.9853,0.1653,0.0429,0,-0.128,0.881,-0.4554,0,-0.1131,0.4432,0.8893,0,0,0.7419,0,1]},
{"frame":14,"values":[0.988,0.1503,0.0355,0,-0.1151,0.87,-0.4794,0,-0.103,0.4696,0.8769,0,0,0.7419,0,1]},
{"frame":15,"values":[0.9904,0.1351,0.0286,0,-0.1025,0.8581,-0.5032,0,-0.0925,0.4955,0.8637,0,0,0.7419,0,1]},
{"frame":16,"values":[0.9926,0.1196,0.0221,0,-0.0901,0.8453,-0.5267,0,-0.0816,0.5208,0.8498,0,0,0.7419,0,1]},
{"frame":17,"values":[0.9945,0.1039,0.016,0,-0.0781,0.8316,-0.5498,0,-0.0704,0.5455,0.8351,0,0,0.7419,0,1]},
{"frame":18,"values":[0.9961,0.0881,0.0103,0,-0.0663,0.8172,-0.5725,0,-0.0589,0.5696,0.8198,0,0,0.7419,0,1]},
{"frame":19,"values":[0.9973,0.0738,0.0064,0,-0.0539,0.7822,-0.6207,0,-0.0508,0.6186,0.7841,0,0,0.7419,0,1]},
{"frame":20,"values":[0.9982,0.0593,0.0034,0,-0.0419,0.7441,-0.6667,0,-0.042,0.6654,0.7453,0,0,0.7419,0,1]},
{"frame":21,"values":[0.999,0.0445,0.0012,0,-0.0305,0.703,-0.7105,0,-0.0325,0.7098,0.7037,0,0,0.7419,0,1]},
{"frame":22,"values":[0.9996,0.0297,-0.0001,0,-0.0197,0.6592,-0.7517,0,-0.0222,0.7514,0.6595,0,0,0.7419,0,1]},
{"frame":23,"values":[0.9999,0.0148,-0.0005,0,-0.0095,0.6129,-0.7901,0,-0.0114,0.79,0.613,0,0,0.7419,0,1]},
{"frame":24,"values":[1,0,0,0,0,0.5645,-0.8255,0,0,0.8255,0.5645,0,0,0.7419,0,1]},
{"frame":25,"values":[0.9999,-0.0154,0.0046,0,0.0127,0.5864,-0.8099,0,0.0098,0.8099,0.5865,0,0,0.7419,0,1]},
{"frame":26,"values":[0.9995,-0.0309,0.0087,0,0.0257,0.6077,-0.7938,0,0.0192,0.7936,0.6082,0,0,0.7419,0,1]},
{"frame":27,"values":[0.9988,-0.0465,0.0125,0,0.0389,0.6284,-0.7769,0,0.0283,0.7765,0.6294,0,0,0.7419,0,1]},
{"frame":28,"values":[0.9979,-0.0622,0.0158,0,0.0524,0.6484,-0.7595,0,0.037,0.7588,0.6503,0,0,0.7419,0,1]},
{"frame":29,"values":[0.9968,-0.0779,0.0186,0,0.0661,0.6677,-0.7415,0,0.0453,0.7404,0.6707,0,0,0.7419,0,1]},
{"frame":30,"values":[0.9954,-0.0937,0.0211,0,0.0799,0.6863,-0.7229,0,0.0533,0.7213,0.6906,0,0,0.7419,0,1]},
{"frame":31,"values":[0.9939,-0.1099,0.0114,0,0.0883,0.7279,-0.6799,0,0.0664,0.6768,0.7332,0,0,0.7419,0,1]},
{"frame":32,"values":[0.9921,-0.1255,0.0008,0,0.0975,0.7669,-0.6343,0,0.079,0.6294,0.7731,0,0,0.7419,0,1]},
{"frame":33,"values":[0.99,-0.1403,-0.0108,0,0.1074,0.8029,-0.5863,0,0.091,0.5793,0.81,0,0,0.7419,0,1]},
{"frame":34,"values":[0.9877,-0.1545,-0.0233,0,0.118,0.8358,-0.5363,0,0.1023,0.5269,0.8437,0,0,0.7419,0,1]},
{"frame":35,"values":[0.9852,-0.1677,-0.0366,0,0.1293,0.8652,-0.4844,0,0.1129,0.4725,0.8741,0,0,0.7419,0,1]},
{"frame":36,"values":[0.9824,-0.18,-0.0506,0,0.1411,0.8912,-0.4311,0,0.1228,0.4164,0.9009,0,0,0.7419,0,1]},
{"frame":37,"values":[0.9853,-0.1653,-0.0429,0,0.128,0.881,-0.4554,0,0.1131,0.4432,0.8893,0,0,0.7419,0,1]},
{"frame":38,"values":[0.988,-0.1503,-0.0355,0,0.1151,0.87,-0.4794,0,0.103,0.4696,0.8769,0,0,0.7419,0,1]},
{"frame":39,"values":[0.9904,-0.1351,-0.0286,0,0.1025,0.8581,-0.5032,0,0.0925,0.4955,0.8637,0,0,0.7419,0,1]},
{"frame":40,"values":[0.9926,-0.1196,-0.0221,0,0.0901,0.8453,-0.5267,0,0.0816,0.5208,0.8498,0,0,0.7419,0,1]},
{"frame":41,"values":[0.9945,-0.1039,-0.016,0,0.0781,0.8316,-0.5498,0,0.0704,0.5455,0.8351,0,0,0.7419,0,1]},
{"frame":42,"values":[0.9961,-0.0881,-0.0103,0,0.0663,0.8172,-0.5725,0,0.0589,0.5696,0.8198,0,0,0.7419,0,1]},
{"frame":43,"values":[0.9973,-0.0738,-0.0064,0,0.0539,0.7822,-0.6207,0,0.0508,0.6186,0.7841,0,0,0.7419,0,1]},
{"frame":44,"values":[0.9982,-0.0593,-0.0034,0,0.0419,0.7441,-0.6667,0,0.042,0.6654,0.7453,0,0,0.7419,0,1]},
{"frame":45,"values":[0.999,-0.0445,-0.0012,0,0.0305,0.703,-0.7105,0,0.0325,0.7098,0.7037,0,0,0.7419,0,1]},
{"frame":46,"values":[0.9996,-0.0297,0.0001,0,0.0197,0.6592,-0.7517,0,0.0222,0.7514,0.6595,0,0,0.7419,0,1]},
{"frame":47,"values":[0.9999,-0.0148,0.0005,0,0.0095,0.6129,-0.7901,0,0.0114,0.79,0.613,0,0,0.7419,0,1]},
{"frame":48,"values":[1,0,0,0,0,0.5645,-0.8255,0,0,0.8255,0.5645,0,0,0.7419,0,1]}],"loopBehavior":1,"name":"anim","property":"_matrix"}},
{"name":"Head","index":7,"matrix":[1,0,0,0,0,0.9887,0.1498,0,0,-0.1498,0.9887,0,0,0.7784,0,1],"rest":[1,0,0,0,0,0.9887,0.1498,0,0,-0.1498,0.9887,0,0,0.7784,0,1],"parentBoneIndex":6,"length":4.5037
,"animation":{"dataType":3,"framePerSecond":24,"keys":[
{"frame":0,"values":[1,0,0,0,0,0.9887,0.1498,0,0,-0.1498,0.9887,0,0,0.7784,0,1]},
{"frame":2,"values":[0.9999,0.0043,-0.0114,0,-0.003,0.9935,0.1137,0,0.0118,-0.1137,0.9934,0,0,0.7784,0,1]},
{"frame":3,"values":[0.9997,0.0082,-0.0229,0,-0.0064,0.997,0.0776,0,0.0234,-0.0774,0.9967,0,0,0.7784,0,1]},
{"frame":4,"values":[0.9993,0.0117,-0.0345,0,-0.0103,0.9991,0.0413,0,0.035,-0.0409,0.9985,0,0,0.7784,0,1]},
{"frame":5,"values":[0.9988,0.0148,-0.0463,0,-0.0146,0.9999,0.005,0,0.0464,-0.0043,0.9989,0,0,0.7784,0,1]},
{"frame":6,"values":[0.9982,0.0174,-0.0582,0,-0.0192,0.9993,-0.0312,0,0.0576,0.0323,0.9978,0,0,0.7784,0,1]},
{"frame":7,"values":[0.9973,0.0196,-0.0701,0,-0.0243,0.9974,-0.0672,0,0.0686,0.0688,0.9953,0,0,0.7784,0,1]},
{"frame":8,"values":[0.9965,0.0212,-0.0808,0,-0.0292,0.9946,-0.0992,0,0.0782,0.1012,0.9918,0,0,0.7784,0,1]},
{"frame":9,"values":[0.9956,0.0224,-0.0915,0,-0.0343,0.9908,-0.131,0,0.0877,0.1335,0.9872,0,0,0.7784,0,1]},
{"frame":10,"values":[0.9945,0.0233,-0.1022,0,-0.0398,0.9859,-0.1626,0,0.097,0.1658,0.9814,0,0,0.7784,0,1]},
{"frame":11,"values":[0.9933,0.0238,-0.1129,0,-0.0455,0.9799,-0.194,0,0.106,0.1978,0.9745,0,0,0.7784,0,1]},
{"frame":12,"values":[0.992,0.024,-0.1237,0,-0.0516,0.973,-0.2251,0,0.1149,0.2296,0.9665,0,0,0.7784,0,1]},
{"frame":13,"values":[0.9929,0.0244,-0.1162,0,-0.0469,0.9798,-0.1945,0,0.1091,0.1986,0.974,0,0,0.7784,0,1]},
{"frame":14,"values":[0.9938,0.0247,-0.1086,0,-0.0423,0.9856,-0.1637,0,0.103,0.1673,0.9805,0,0,0.7784,0,1]},
{"frame":15,"values":[0.9946,0.0246,-0.1011,0,-0.038,0.9904,-0.1327,0,0.0969,0.1358,0.986,0,0,0.7784,0,1]},
{"frame":16,"values":[0.9953,0.0244,-0.0936,0,-0.0339,0.9943,-0.1014,0,0.0906,0.1041,0.9904,0,0,0.7784,0,1]},
{"frame":17,"values":[0.996,0.0239,-0.0861,0,-0.03,0.9971,-0.0701,0,0.0841,0.0724,0.9938,0,0,0.7784,0,1]},
{"frame":18,"values":[0.9966,0.0232,-0.0786,0,-0.0263,0.9989,-0.0387,0,0.0776,0.0407,0.9962,0,0,0.7784,0,1]},
{"frame":19,"values":[0.9977,0.0204,-0.0652,0,-0.0209,0.9998,-0.0074,0,0.065,0.0088,0.9978,0,0,0.7784,0,1]},
